"DESCRIPTION","DURATION IN MS","NAME","PARENT SUITE","START TIME","STATUS","STOP TIME","SUB SUITE","SUITE","TEST CLASS","TEST METHOD"
"","930","Logout clears token cookies with Max-Age=0","Regression Tests","Fri Mar 20 04:09:54 UTC 2026","passed","Fri Mar 20 04:09:54 UTC 2026","ua.kpi.sc.test.api.tests.auth.AuthLogoutTest","Regression","ua.kpi.sc.test.api.tests.auth.AuthLogoutTest","logoutClearsTokenCookies"
"","4261","apiDocsEndpointReturnsOpenApiSpec","Regression Tests","Fri Mar 20 04:09:53 UTC 2026","passed","Fri Mar 20 04:09:57 UTC 2026","ua.kpi.sc.test.api.tests.smoke.SwaggerAvailabilityTest","Regression","ua.kpi.sc.test.api.tests.smoke.SwaggerAvailabilityTest","apiDocsEndpointReturnsOpenApiSpec"
"","126","Evaluate single unauthenticated returns global default","Regression Tests","Fri Mar 20 04:10:14 UTC 2026","passed","Fri Mar 20 04:10:14 UTC 2026","ua.kpi.sc.test.api.tests.featureflag.FeatureFlagEvaluationTest","Regression","ua.kpi.sc.test.api.tests.featureflag.FeatureFlagEvaluationTest","evaluateSingleUnauthenticated_returnsGlobalDefault"
"","25","Reset password with empty token returns 400","Regression Tests","Fri Mar 20 04:10:09 UTC 2026","passed","Fri Mar 20 04:10:09 UTC 2026","ua.kpi.sc.test.api.tests.auth.AuthResetPasswordTest","Regression","ua.kpi.sc.test.api.tests.auth.AuthResetPasswordTest","resetPasswordWithEmptyTokenReturns400"
"","2618","Both register and login access tokens are valid for getMe","Regression Tests","Fri Mar 20 04:09:38 UTC 2026","passed","Fri Mar 20 04:09:41 UTC 2026","ua.kpi.sc.test.api.tests.auth.AuthFlowTest","Regression","ua.kpi.sc.test.api.tests.auth.AuthFlowTest","loginAfterRegistrationBothTokensWork"
"","2887","Verify-login with invalid TOTP code returns 401","Regression Tests","Fri Mar 20 04:09:55 UTC 2026","passed","Fri Mar 20 04:09:58 UTC 2026","ua.kpi.sc.test.api.tests.auth.mfa.TotpLoginVerifyTest","Regression","ua.kpi.sc.test.api.tests.auth.mfa.TotpLoginVerifyTest","verifyLoginWithInvalidCodeReturns401"
"","96","Login with SQL injection in email is rejected with 400 or 401","Regression Tests","Fri Mar 20 04:10:00 UTC 2026","passed","Fri Mar 20 04:10:00 UTC 2026","ua.kpi.sc.test.api.tests.auth.AuthLoginTest","Regression","ua.kpi.sc.test.api.tests.auth.AuthLoginTest","loginWithSqlInjectionInEmailReturns401Or400"
"","187","Export audit logs as CSV returns 200 with CSV content type","Regression Tests","Fri Mar 20 04:09:31 UTC 2026","passed","Fri Mar 20 04:09:31 UTC 2026","ua.kpi.sc.test.api.tests.audit.AuditTest","Regression","ua.kpi.sc.test.api.tests.audit.AuditTest","exportCsv_returns200_withCsvContentType"
"","28","Google OAuth callback without state cookie returns error redirect","Regression Tests","Fri Mar 20 04:09:48 UTC 2026","passed","Fri Mar 20 04:09:48 UTC 2026","ua.kpi.sc.test.api.tests.auth.AuthGoogleOAuthTest","Regression","ua.kpi.sc.test.api.tests.auth.AuthGoogleOAuthTest","googleOAuthCallbackWithoutStateCookieReturnsError"
"","299","Admin can delete a rule","Regression Tests","Fri Mar 20 04:09:54 UTC 2026","passed","Fri Mar 20 04:09:54 UTC 2026","ua.kpi.sc.test.api.tests.ratelimit.RateLimitAdminTest","Regression","ua.kpi.sc.test.api.tests.ratelimit.RateLimitAdminTest","deleteRule_returns204"
"","48","Register validation errors contain field and message","Regression Tests","Fri Mar 20 04:10:06 UTC 2026","passed","Fri Mar 20 04:10:06 UTC 2026","ua.kpi.sc.test.api.tests.auth.AuthRegisterTest","Regression","ua.kpi.sc.test.api.tests.auth.AuthRegisterTest","registerValidationErrorsFormat"
"","3106","Register -> login -> getMe: email matches after login","Regression Tests","Fri Mar 20 04:09:33 UTC 2026","passed","Fri Mar 20 04:09:36 UTC 2026","ua.kpi.sc.test.api.tests.auth.AuthFlowTest","Regression","ua.kpi.sc.test.api.tests.auth.AuthFlowTest","fullLoginToMeFlow"
"","1285","Calling setup twice returns a new secret each time","Regression Tests","Fri Mar 20 04:09:41 UTC 2026","passed","Fri Mar 20 04:09:43 UTC 2026","ua.kpi.sc.test.api.tests.auth.mfa.TotpSetupTest","Regression","ua.kpi.sc.test.api.tests.auth.mfa.TotpSetupTest","setupTotpTwiceReturnsDifferentSecrets"
"","80","DELETE /reset-password returns 405","Regression Tests","Fri Mar 20 04:09:59 UTC 2026","passed","Fri Mar 20 04:09:59 UTC 2026","ua.kpi.sc.test.api.tests.auth.AuthResetPasswordTest","Regression","ua.kpi.sc.test.api.tests.auth.AuthResetPasswordTest","resetPasswordMethodNotAllowedDelete"
"","28","Create flag with invalid key returns 400","Regression Tests","Fri Mar 20 04:10:15 UTC 2026","passed","Fri Mar 20 04:10:15 UTC 2026","ua.kpi.sc.test.api.tests.featureflag.FeatureFlagAdminTest","Regression","ua.kpi.sc.test.api.tests.featureflag.FeatureFlagAdminTest","createFlagInvalidKeyReturns400"
"","1084","Regenerated recovery codes have the same count as original","Regression Tests","Fri Mar 20 04:09:43 UTC 2026","passed","Fri Mar 20 04:09:44 UTC 2026","ua.kpi.sc.test.api.tests.auth.mfa.TotpRecoveryCodesTest","Regression","ua.kpi.sc.test.api.tests.auth.mfa.TotpRecoveryCodesTest","regeneratedCodesSameCountAsOriginal"
"","748","Refresh response matches auth-user-response schema","Regression Tests","Fri Mar 20 04:09:51 UTC 2026","passed","Fri Mar 20 04:09:52 UTC 2026","ua.kpi.sc.test.api.tests.auth.AuthRefreshTest","Regression","ua.kpi.sc.test.api.tests.auth.AuthRefreshTest","refreshResponseMatchesSchema"
"","22","Google OAuth callback with no params returns error","Regression Tests","Fri Mar 20 04:09:48 UTC 2026","passed","Fri Mar 20 04:09:48 UTC 2026","ua.kpi.sc.test.api.tests.auth.AuthGoogleOAuthTest","Regression","ua.kpi.sc.test.api.tests.auth.AuthGoogleOAuthTest","googleOAuthCallbackWithNoParamsReturnsError"
"","14","Reset password with whitespace-only token returns 400","Regression Tests","Fri Mar 20 04:10:18 UTC 2026","passed","Fri Mar 20 04:10:18 UTC 2026","ua.kpi.sc.test.api.tests.auth.AuthResetPasswordTest","Regression","ua.kpi.sc.test.api.tests.auth.AuthResetPasswordTest","resetPasswordWithWhitespaceTokenReturns400"
"","1218","Register response Content-Type is application/json","Regression Tests","Fri Mar 20 04:09:55 UTC 2026","passed","Fri Mar 20 04:09:56 UTC 2026","ua.kpi.sc.test.api.tests.auth.AuthRegisterTest","Regression","ua.kpi.sc.test.api.tests.auth.AuthRegisterTest","registerResponseContentTypeIsJson"
"","2010","Get user without auth returns 401","Regression Tests","Fri Mar 20 04:10:13 UTC 2026","passed","Fri Mar 20 04:10:15 UTC 2026","ua.kpi.sc.test.api.tests.user.UserGetByIdTest","Regression","ua.kpi.sc.test.api.tests.user.UserGetByIdTest","getUserWithoutAuthReturns401"
"","2620","Login with valid credentials returns 200 with email and cookies","Regression Tests","Fri Mar 20 04:10:00 UTC 2026","passed","Fri Mar 20 04:10:02 UTC 2026","ua.kpi.sc.test.api.tests.auth.AuthLoginTest","Regression","ua.kpi.sc.test.api.tests.auth.AuthLoginTest","loginWithValidCredentials"
"","2003","Forgot password email contains reset link with token","Regression Tests","Fri Mar 20 04:09:30 UTC 2026","passed","Fri Mar 20 04:09:32 UTC 2026","ua.kpi.sc.test.api.tests.auth.AuthForgotPasswordTest","Regression","ua.kpi.sc.test.api.tests.auth.AuthForgotPasswordTest","forgotPasswordEmailContainsResetToken"
"","21","Basic user access to admin notifications returns 403","Regression Tests","Fri Mar 20 04:10:11 UTC 2026","passed","Fri Mar 20 04:10:11 UTC 2026","ua.kpi.sc.test.api.tests.notification.NotificationSecurityTest","Regression","ua.kpi.sc.test.api.tests.notification.NotificationSecurityTest","shouldReturn403ForInsufficientTier"
"","145","Duplicate rule name returns 409","Regression Tests","Fri Mar 20 04:09:53 UTC 2026","passed","Fri Mar 20 04:09:53 UTC 2026","ua.kpi.sc.test.api.tests.ratelimit.RateLimitAdminTest","Regression","ua.kpi.sc.test.api.tests.ratelimit.RateLimitAdminTest","createRule_duplicateName_returns409"
"","19","Google OAuth redirect sets oauth_state cookie","Regression Tests","Fri Mar 20 04:09:48 UTC 2026","passed","Fri Mar 20 04:09:48 UTC 2026","ua.kpi.sc.test.api.tests.auth.AuthGoogleOAuthTest","Regression","ua.kpi.sc.test.api.tests.auth.AuthGoogleOAuthTest","googleOAuthRedirectSetsStateCookie"
"","175","Basic user cannot create rules","Regression Tests","Fri Mar 20 04:09:53 UTC 2026","passed","Fri Mar 20 04:09:53 UTC 2026","ua.kpi.sc.test.api.tests.ratelimit.RateLimitAdminTest","Regression","ua.kpi.sc.test.api.tests.ratelimit.RateLimitAdminTest","createRule_basicUser_returns403"
"","1643","Register sets HttpOnly cookies","Regression Tests","Fri Mar 20 04:10:04 UTC 2026","passed","Fri Mar 20 04:10:06 UTC 2026","ua.kpi.sc.test.api.tests.auth.AuthRegisterTest","Regression","ua.kpi.sc.test.api.tests.auth.AuthRegisterTest","registerSetsHttpOnlyCookies"
"","87","PATCH /users/{id}/tier for non-existent user returns 404","Regression Tests","Fri Mar 20 04:10:07 UTC 2026","passed","Fri Mar 20 04:10:07 UTC 2026","ua.kpi.sc.test.api.tests.user.UserUpdateTierTest","Regression","ua.kpi.sc.test.api.tests.user.UserUpdateTierTest","updateTierForNonExistentUserReturns404"
"","39","GET /me with empty Bearer token returns 401","Regression Tests","Fri Mar 20 04:10:07 UTC 2026","passed","Fri Mar 20 04:10:07 UTC 2026","ua.kpi.sc.test.api.tests.auth.AuthMeTest","Regression","ua.kpi.sc.test.api.tests.auth.AuthMeTest","meWithEmptyBearerTokenReturns401"
"","80","Create flag without auth returns 401","Regression Tests","Fri Mar 20 04:10:15 UTC 2026","passed","Fri Mar 20 04:10:16 UTC 2026","ua.kpi.sc.test.api.tests.featureflag.FeatureFlagAdminTest","Regression","ua.kpi.sc.test.api.tests.featureflag.FeatureFlagAdminTest","createFlagWithoutAuthReturns401"
"","180","Update self preserves other fields","Regression Tests","Fri Mar 20 04:10:04 UTC 2026","passed","Fri Mar 20 04:10:04 UTC 2026","ua.kpi.sc.test.api.tests.user.UserSelfUpdateTest","Regression","ua.kpi.sc.test.api.tests.user.UserSelfUpdateTest","updateSelfPreservesOtherFields"
"","24","GET /me 401 matches ProblemDetail schema","Regression Tests","Fri Mar 20 04:09:51 UTC 2026","passed","Fri Mar 20 04:09:51 UTC 2026","ua.kpi.sc.test.api.tests.auth.AuthMeTest","Regression","ua.kpi.sc.test.api.tests.auth.AuthMeTest","meProblemDetailSchemaOn401"
"","22","Create user without auth returns 401","Regression Tests","Fri Mar 20 04:10:06 UTC 2026","passed","Fri Mar 20 04:10:06 UTC 2026","ua.kpi.sc.test.api.tests.user.UserCreateTest","Regression","ua.kpi.sc.test.api.tests.user.UserCreateTest","createUserWithoutAuthReturns401"
"","91","Get feature flag by ID returns correct flag","Regression Tests","Fri Mar 20 04:10:16 UTC 2026","passed","Fri Mar 20 04:10:16 UTC 2026","ua.kpi.sc.test.api.tests.featureflag.FeatureFlagAdminTest","Regression","ua.kpi.sc.test.api.tests.featureflag.FeatureFlagAdminTest","getFlagByIdReturnsCorrectFlag"
"","997","Register new user returns 201 with cookies and user data","Regression Tests","Fri Mar 20 04:09:51 UTC 2026","passed","Fri Mar 20 04:09:52 UTC 2026","ua.kpi.sc.test.api.tests.auth.AuthRegisterTest","Regression","ua.kpi.sc.test.api.tests.auth.AuthRegisterTest","registerNewUser"
"","18","Google OAuth redirect Location contains state parameter","Regression Tests","Fri Mar 20 04:09:48 UTC 2026","passed","Fri Mar 20 04:09:48 UTC 2026","ua.kpi.sc.test.api.tests.auth.AuthGoogleOAuthTest","Regression","ua.kpi.sc.test.api.tests.auth.AuthGoogleOAuthTest","googleOAuthRedirectLocationContainsState"
"","26","Google OAuth oauth_state cookie is HttpOnly","Regression Tests","Fri Mar 20 04:09:48 UTC 2026","passed","Fri Mar 20 04:09:48 UTC 2026","ua.kpi.sc.test.api.tests.auth.AuthGoogleOAuthTest","Regression","ua.kpi.sc.test.api.tests.auth.AuthGoogleOAuthTest","googleOAuthStateCookieIsHttpOnly"
"","33","Register with malformed JSON returns 400","Regression Tests","Fri Mar 20 04:10:15 UTC 2026","passed","Fri Mar 20 04:10:15 UTC 2026","ua.kpi.sc.test.api.tests.auth.AuthRegisterTest","Regression","ua.kpi.sc.test.api.tests.auth.AuthRegisterTest","registerWithMalformedJsonReturns400"
"","17","Register with XML content type returns 415","Regression Tests","Fri Mar 20 04:10:18 UTC 2026","passed","Fri Mar 20 04:10:18 UTC 2026","ua.kpi.sc.test.api.tests.auth.AuthRegisterTest","Regression","ua.kpi.sc.test.api.tests.auth.AuthRegisterTest","registerWithXmlContentTypeReturns415"
"","942","Register with Arabic name succeeds","Regression Tests","Fri Mar 20 04:10:08 UTC 2026","passed","Fri Mar 20 04:10:09 UTC 2026","ua.kpi.sc.test.api.tests.auth.AuthRegisterTest","Regression","ua.kpi.sc.test.api.tests.auth.AuthRegisterTest","registerWithArabicNameSucceeds"
"","35","List flags empty page returns empty content","Regression Tests","Fri Mar 20 04:10:16 UTC 2026","passed","Fri Mar 20 04:10:16 UTC 2026","ua.kpi.sc.test.api.tests.featureflag.FeatureFlagAdminTest","Regression","ua.kpi.sc.test.api.tests.featureflag.FeatureFlagAdminTest","listFlagsEmptyPageReturnsEmptyContent"
"","67","Reset password with empty body returns 400","Regression Tests","Fri Mar 20 04:10:09 UTC 2026","passed","Fri Mar 20 04:10:09 UTC 2026","ua.kpi.sc.test.api.tests.auth.AuthResetPasswordTest","Regression","ua.kpi.sc.test.api.tests.auth.AuthResetPasswordTest","resetPasswordWithEmptyBodyReturns400"
"","618","Malformed JSON returns 400","Regression Tests","Fri Mar 20 04:10:20 UTC 2026","passed","Fri Mar 20 04:10:20 UTC 2026","ua.kpi.sc.test.api.tests.user.UserChangePasswordTest","Regression","ua.kpi.sc.test.api.tests.user.UserChangePasswordTest","malformedJsonReturns400"
"","1518","Register with hyphenated name succeeds","Regression Tests","Fri Mar 20 04:10:14 UTC 2026","passed","Fri Mar 20 04:10:15 UTC 2026","ua.kpi.sc.test.api.tests.auth.AuthRegisterTest","Regression","ua.kpi.sc.test.api.tests.auth.AuthRegisterTest","registerWithHyphenatedNameSucceeds"
"","1861","PUT /users/{id}/status returns 405 Method Not Allowed","Regression Tests","Fri Mar 20 04:10:01 UTC 2026","passed","Fri Mar 20 04:10:03 UTC 2026","ua.kpi.sc.test.api.tests.user.UserUpdateStatusTest","Regression","ua.kpi.sc.test.api.tests.user.UserUpdateStatusTest","putStatusReturns405"
"","2422","Verify-login with empty code returns 400","Regression Tests","Fri Mar 20 04:09:52 UTC 2026","passed","Fri Mar 20 04:09:55 UTC 2026","ua.kpi.sc.test.api.tests.auth.mfa.TotpLoginVerifyTest","Regression","ua.kpi.sc.test.api.tests.auth.mfa.TotpLoginVerifyTest","verifyLoginWithEmptyCodeReturns400"
"","65","Forgot password with XSS in email returns 400","Regression Tests","Fri Mar 20 04:09:39 UTC 2026","passed","Fri Mar 20 04:09:40 UTC 2026","ua.kpi.sc.test.api.tests.auth.AuthForgotPasswordTest","Regression","ua.kpi.sc.test.api.tests.auth.AuthForgotPasswordTest","forgotPasswordWithXssInEmailReturns400"
"","29","Create flag with negative rollout percentage returns 400","Regression Tests","Fri Mar 20 04:10:15 UTC 2026","passed","Fri Mar 20 04:10:15 UTC 2026","ua.kpi.sc.test.api.tests.featureflag.FeatureFlagAdminTest","Regression","ua.kpi.sc.test.api.tests.featureflag.FeatureFlagAdminTest","createFlagWithNegativeRolloutPercentage_returns400"
"","1599","Google OAuth callback with empty code returns error","Regression Tests","Fri Mar 20 04:09:46 UTC 2026","passed","Fri Mar 20 04:09:47 UTC 2026","ua.kpi.sc.test.api.tests.auth.AuthGoogleOAuthTest","Regression","ua.kpi.sc.test.api.tests.auth.AuthGoogleOAuthTest","googleOAuthCallbackWithEmptyCodeReturnsError"
"","107","Remove partner for non-existent user returns 404","Regression Tests","Fri Mar 20 04:10:07 UTC 2026","passed","Fri Mar 20 04:10:07 UTC 2026","ua.kpi.sc.test.api.tests.user.UserRemovePartnerTest","Regression","ua.kpi.sc.test.api.tests.user.UserRemovePartnerTest","removePartnerForNonExistentUserReturns404"
"","90","PATCH /reset-password returns 405","Regression Tests","Fri Mar 20 04:09:59 UTC 2026","passed","Fri Mar 20 04:09:59 UTC 2026","ua.kpi.sc.test.api.tests.auth.AuthResetPasswordTest","Regression","ua.kpi.sc.test.api.tests.auth.AuthResetPasswordTest","resetPasswordMethodNotAllowedPatch"
"","2273","Register -> login -> logout -> refresh with login refresh token returns 401","Regression Tests","Fri Mar 20 04:09:48 UTC 2026","passed","Fri Mar 20 04:09:51 UTC 2026","ua.kpi.sc.test.api.tests.auth.AuthFlowTest","Regression","ua.kpi.sc.test.api.tests.auth.AuthFlowTest","registerLoginLogoutCannotRefresh"
"","3334","Used recovery code cannot be reused","Regression Tests","Fri Mar 20 04:09:47 UTC 2026","passed","Fri Mar 20 04:09:50 UTC 2026","ua.kpi.sc.test.api.tests.auth.mfa.TotpLoginVerifyTest","Regression","ua.kpi.sc.test.api.tests.auth.mfa.TotpLoginVerifyTest","usedRecoveryCodeCannotBeReused"
"","1668","Logout cookies have SameSite=Lax attribute","Regression Tests","Fri Mar 20 04:09:32 UTC 2026","passed","Fri Mar 20 04:09:33 UTC 2026","ua.kpi.sc.test.api.tests.auth.AuthCookieContractTest","Regression","ua.kpi.sc.test.api.tests.auth.AuthCookieContractTest","logoutCookiesHaveSameSiteLax"
"","2160","Forgot-password for user A doesn't affect user B","Regression Tests","Fri Mar 20 04:09:28 UTC 2026","passed","Fri Mar 20 04:09:30 UTC 2026","ua.kpi.sc.test.api.tests.auth.AuthPasswordResetFlowTest","Regression","ua.kpi.sc.test.api.tests.auth.AuthPasswordResetFlowTest","forgotPasswordForUserADoesNotAffectUserB"
"","22","Unauthenticated access to notifications returns 401","Regression Tests","Fri Mar 20 04:10:11 UTC 2026","passed","Fri Mar 20 04:10:11 UTC 2026","ua.kpi.sc.test.api.tests.notification.NotificationSecurityTest","Regression","ua.kpi.sc.test.api.tests.notification.NotificationSecurityTest","shouldReturn401ForUnauthenticated"
"","104","List flags response contains pagination metadata","Regression Tests","Fri Mar 20 04:10:17 UTC 2026","passed","Fri Mar 20 04:10:17 UTC 2026","ua.kpi.sc.test.api.tests.featureflag.FeatureFlagAdminTest","Regression","ua.kpi.sc.test.api.tests.featureflag.FeatureFlagAdminTest","listFlagsResponseContainsPaginationMetadata"
"","2026","8-char new password returns 204","Regression Tests","Fri Mar 20 04:10:16 UTC 2026","passed","Fri Mar 20 04:10:18 UTC 2026","ua.kpi.sc.test.api.tests.user.UserChangePasswordTest","Regression","ua.kpi.sc.test.api.tests.user.UserChangePasswordTest","eightCharNewPasswordReturns204"
"","1177","Regenerated codes are different from original codes","Regression Tests","Fri Mar 20 04:09:42 UTC 2026","passed","Fri Mar 20 04:09:43 UTC 2026","ua.kpi.sc.test.api.tests.auth.mfa.TotpRecoveryCodesTest","Regression","ua.kpi.sc.test.api.tests.auth.mfa.TotpRecoveryCodesTest","regeneratedCodesAreDifferentFromOriginal"
"","508","Register with password exactly 8 chars succeeds","Regression Tests","Fri Mar 20 04:10:15 UTC 2026","passed","Fri Mar 20 04:10:16 UTC 2026","ua.kpi.sc.test.api.tests.auth.AuthRegisterTest","Regression","ua.kpi.sc.test.api.tests.auth.AuthRegisterTest","registerWithPasswordExactly8Chars"
"","16","Get 2FA status without auth returns 401","Regression Tests","Fri Mar 20 04:09:42 UTC 2026","passed","Fri Mar 20 04:09:42 UTC 2026","ua.kpi.sc.test.api.tests.auth.mfa.TotpStatusTest","Regression","ua.kpi.sc.test.api.tests.auth.mfa.TotpStatusTest","statusWithoutAuthReturns401"
"","31","DELETE /refresh returns 405","Regression Tests","Fri Mar 20 04:09:49 UTC 2026","passed","Fri Mar 20 04:09:49 UTC 2026","ua.kpi.sc.test.api.tests.auth.AuthRefreshTest","Regression","ua.kpi.sc.test.api.tests.auth.AuthRefreshTest","refreshMethodNotAllowedDelete"
"","74","Basic user cannot toggle rules","Regression Tests","Fri Mar 20 04:09:55 UTC 2026","passed","Fri Mar 20 04:09:55 UTC 2026","ua.kpi.sc.test.api.tests.ratelimit.RateLimitAdminTest","Regression","ua.kpi.sc.test.api.tests.ratelimit.RateLimitAdminTest","toggleRule_basicUser_returns403"
"","31","Get non-existent user returns 404","Regression Tests","Fri Mar 20 04:10:09 UTC 2026","passed","Fri Mar 20 04:10:09 UTC 2026","ua.kpi.sc.test.api.tests.user.UserGetByIdTest","Regression","ua.kpi.sc.test.api.tests.user.UserGetByIdTest","getNonExistentUserReturns404"
"","1640","Refresh token cannot be reused after rotation","Regression Tests","Fri Mar 20 04:10:01 UTC 2026","passed","Fri Mar 20 04:10:02 UTC 2026","ua.kpi.sc.test.api.tests.auth.AuthRefreshTest","Regression","ua.kpi.sc.test.api.tests.auth.AuthRefreshTest","refreshTokenCannotBeReusedAfterRotation"
"","176","Google OAuth callback with SQL injection in code returns error","Regression Tests","Fri Mar 20 04:09:48 UTC 2026","passed","Fri Mar 20 04:09:48 UTC 2026","ua.kpi.sc.test.api.tests.auth.AuthGoogleOAuthTest","Regression","ua.kpi.sc.test.api.tests.auth.AuthGoogleOAuthTest","googleOAuthCallbackWithSqlInjectionReturnsError"
"","42","Register with 128 char password returns 400 (exceeds BCrypt 72-byte limit)","Regression Tests","Fri Mar 20 04:10:15 UTC 2026","passed","Fri Mar 20 04:10:15 UTC 2026","ua.kpi.sc.test.api.tests.auth.AuthRegisterTest","Regression","ua.kpi.sc.test.api.tests.auth.AuthRegisterTest","registerWithLongPassword"
"","27","PUT /oauth2/google returns 405","Regression Tests","Fri Mar 20 04:09:48 UTC 2026","passed","Fri Mar 20 04:09:48 UTC 2026","ua.kpi.sc.test.api.tests.auth.AuthGoogleOAuthTest","Regression","ua.kpi.sc.test.api.tests.auth.AuthGoogleOAuthTest","googleOAuthMethodNotAllowedPut"
"","1136","Refresh returns a valid UUID as id","Regression Tests","Fri Mar 20 04:09:55 UTC 2026","passed","Fri Mar 20 04:09:56 UTC 2026","ua.kpi.sc.test.api.tests.auth.AuthRefreshTest","Regression","ua.kpi.sc.test.api.tests.auth.AuthRefreshTest","refreshReturnsValidUuid"
"","1149","Register new user has capabilityTier exactly 1","Regression Tests","Fri Mar 20 04:09:52 UTC 2026","passed","Fri Mar 20 04:09:53 UTC 2026","ua.kpi.sc.test.api.tests.auth.AuthRegisterTest","Regression","ua.kpi.sc.test.api.tests.auth.AuthRegisterTest","registerNewUserCapabilityTierIs1"
"","30","Basic user cannot delete rules","Regression Tests","Fri Mar 20 04:09:54 UTC 2026","passed","Fri Mar 20 04:09:54 UTC 2026","ua.kpi.sc.test.api.tests.ratelimit.RateLimitAdminTest","Regression","ua.kpi.sc.test.api.tests.ratelimit.RateLimitAdminTest","deleteRule_basicUser_returns403"
"","1217","Removed partner is gone from user response","Regression Tests","Fri Mar 20 04:10:09 UTC 2026","passed","Fri Mar 20 04:10:10 UTC 2026","ua.kpi.sc.test.api.tests.user.UserRemovePartnerTest","Regression","ua.kpi.sc.test.api.tests.user.UserRemovePartnerTest","removedPartnerGoneFromUser"
"","8362","New recovery codes work for login verification after regeneration","Regression Tests","Fri Mar 20 04:09:24 UTC 2026","passed","Fri Mar 20 04:09:32 UTC 2026","ua.kpi.sc.test.api.tests.auth.mfa.TotpRecoveryCodesTest","Regression","ua.kpi.sc.test.api.tests.auth.mfa.TotpRecoveryCodesTest","newRecoveryCodesWorkForLoginVerification"
"","88","Admin can get a rule by ID","Regression Tests","Fri Mar 20 04:09:54 UTC 2026","passed","Fri Mar 20 04:09:54 UTC 2026","ua.kpi.sc.test.api.tests.ratelimit.RateLimitAdminTest","Regression","ua.kpi.sc.test.api.tests.ratelimit.RateLimitAdminTest","getRule_returns200"
"","1445","Multiple refresh rotations preserve user data across 3 rotations","Regression Tests","Fri Mar 20 04:09:43 UTC 2026","passed","Fri Mar 20 04:09:45 UTC 2026","ua.kpi.sc.test.api.tests.auth.AuthFlowTest","Regression","ua.kpi.sc.test.api.tests.auth.AuthFlowTest","multipleRefreshRotationsPreserveUserData"
"","1592","Login returns both access and refresh cookies","Regression Tests","Fri Mar 20 04:09:41 UTC 2026","passed","Fri Mar 20 04:09:42 UTC 2026","ua.kpi.sc.test.api.tests.auth.AuthLoginTest","Regression","ua.kpi.sc.test.api.tests.auth.AuthLoginTest","loginReturnsAccessAndRefreshCookies"
"","1136","Logout clears access_token cookie specifically with Max-Age=0","Regression Tests","Fri Mar 20 04:09:51 UTC 2026","passed","Fri Mar 20 04:09:52 UTC 2026","ua.kpi.sc.test.api.tests.auth.AuthLogoutTest","Regression","ua.kpi.sc.test.api.tests.auth.AuthLogoutTest","logoutClearsAccessTokenCookieSpecifically"
"","1778","PATCH /users/{id}/status to reactivate returns 200 with active=true","Regression Tests","Fri Mar 20 04:10:03 UTC 2026","passed","Fri Mar 20 04:10:05 UTC 2026","ua.kpi.sc.test.api.tests.user.UserUpdateStatusTest","Regression","ua.kpi.sc.test.api.tests.user.UserUpdateStatusTest","reactivateUserReturns200"
"","148","Create rule with blank name returns 400","Regression Tests","Fri Mar 20 04:09:53 UTC 2026","passed","Fri Mar 20 04:09:53 UTC 2026","ua.kpi.sc.test.api.tests.ratelimit.RateLimitAdminTest","Regression","ua.kpi.sc.test.api.tests.ratelimit.RateLimitAdminTest","createRule_blankName_returns400"
"","254","Get audit logs returns 200 with paginated response","Regression Tests","Fri Mar 20 04:09:32 UTC 2026","passed","Fri Mar 20 04:09:33 UTC 2026","ua.kpi.sc.test.api.tests.audit.AuditTest","Regression","ua.kpi.sc.test.api.tests.audit.AuditTest","getAuditLogs_returns200"
"","49","Reset password with SQL injection in token is rejected","Regression Tests","Fri Mar 20 04:10:14 UTC 2026","passed","Fri Mar 20 04:10:14 UTC 2026","ua.kpi.sc.test.api.tests.auth.AuthResetPasswordTest","Regression","ua.kpi.sc.test.api.tests.auth.AuthResetPasswordTest","resetPasswordWithSqlInjectionInTokenReturns400"
"","130","Login with non-existent email returns 401","Regression Tests","Fri Mar 20 04:09:36 UTC 2026","passed","Fri Mar 20 04:09:36 UTC 2026","ua.kpi.sc.test.api.tests.auth.AuthLoginTest","Regression","ua.kpi.sc.test.api.tests.auth.AuthLoginTest","loginNonExistentEmailReturns401"
"","25","Register with empty/missing fields returns 400","Regression Tests","Fri Mar 20 04:09:51 UTC 2026","passed","Fri Mar 20 04:09:51 UTC 2026","ua.kpi.sc.test.api.tests.auth.AuthRegisterTest","Regression","ua.kpi.sc.test.api.tests.auth.AuthRegisterTest","registerEmptyFieldsReturns400"
"","122","Login with null email returns 400","Regression Tests","Fri Mar 20 04:09:59 UTC 2026","passed","Fri Mar 20 04:09:59 UTC 2026","ua.kpi.sc.test.api.tests.auth.AuthLoginTest","Regression","ua.kpi.sc.test.api.tests.auth.AuthLoginTest","loginWithNullEmailReturns400"
"","103","Update self without auth returns 401","Regression Tests","Fri Mar 20 04:10:05 UTC 2026","passed","Fri Mar 20 04:10:05 UTC 2026","ua.kpi.sc.test.api.tests.user.UserSelfUpdateTest","Regression","ua.kpi.sc.test.api.tests.user.UserSelfUpdateTest","updateSelfWithoutAuthReturns401"
"","97","Delete feature flag returns 204","Regression Tests","Fri Mar 20 04:10:16 UTC 2026","passed","Fri Mar 20 04:10:16 UTC 2026","ua.kpi.sc.test.api.tests.featureflag.FeatureFlagAdminTest","Regression","ua.kpi.sc.test.api.tests.featureflag.FeatureFlagAdminTest","deleteFlagReturns204"
"","1354","Status returns recoveryCodesRemaining after enabling TOTP","Regression Tests","Fri Mar 20 04:09:36 UTC 2026","passed","Fri Mar 20 04:09:38 UTC 2026","ua.kpi.sc.test.api.tests.auth.mfa.TotpStatusTest","Regression","ua.kpi.sc.test.api.tests.auth.mfa.TotpStatusTest","statusReturnsRecoveryCodesRemaining"
"","19","Google OAuth redirect returns 302","Regression Tests","Fri Mar 20 04:09:48 UTC 2026","passed","Fri Mar 20 04:09:48 UTC 2026","ua.kpi.sc.test.api.tests.auth.AuthGoogleOAuthTest","Regression","ua.kpi.sc.test.api.tests.auth.AuthGoogleOAuthTest","googleOAuthRedirectReturns302"
"","87","Update feature flag changes fields","Regression Tests","Fri Mar 20 04:10:18 UTC 2026","passed","Fri Mar 20 04:10:18 UTC 2026","ua.kpi.sc.test.api.tests.featureflag.FeatureFlagAdminTest","Regression","ua.kpi.sc.test.api.tests.featureflag.FeatureFlagAdminTest","updateFlagChangesFields"
"","120","Update self profile returns 200","Regression Tests","Fri Mar 20 04:10:04 UTC 2026","passed","Fri Mar 20 04:10:05 UTC 2026","ua.kpi.sc.test.api.tests.user.UserSelfUpdateTest","Regression","ua.kpi.sc.test.api.tests.user.UserSelfUpdateTest","updateSelfReturns200"
"","1004","Register with apostrophe in name succeeds","Regression Tests","Fri Mar 20 04:10:07 UTC 2026","passed","Fri Mar 20 04:10:08 UTC 2026","ua.kpi.sc.test.api.tests.auth.AuthRegisterTest","Regression","ua.kpi.sc.test.api.tests.auth.AuthRegisterTest","registerWithApostropheNameSucceeds"
"","96","Evaluate all flags returns map (unauthenticated)","Regression Tests","Fri Mar 20 04:10:13 UTC 2026","passed","Fri Mar 20 04:10:13 UTC 2026","ua.kpi.sc.test.api.tests.featureflag.FeatureFlagEvaluationTest","Regression","ua.kpi.sc.test.api.tests.featureflag.FeatureFlagEvaluationTest","evaluateAllUnauthenticatedReturnsMap"
"","3946","Full flow: register -> forgot -> MailPit -> extract token -> reset -> login with new password","Regression Tests","Fri Mar 20 04:09:38 UTC 2026","passed","Fri Mar 20 04:09:42 UTC 2026","ua.kpi.sc.test.api.tests.auth.AuthPasswordResetFlowTest","Regression","ua.kpi.sc.test.api.tests.auth.AuthPasswordResetFlowTest","fullPasswordResetFlow"
"","1810","Logout with cookie-based auth may or may not be accepted","Regression Tests","Fri Mar 20 04:10:04 UTC 2026","passed","Fri Mar 20 04:10:06 UTC 2026","ua.kpi.sc.test.api.tests.auth.AuthLogoutTest","Regression","ua.kpi.sc.test.api.tests.auth.AuthLogoutTest","logoutWithCookieAuthWorks"
"","20","Forgot password with empty email returns 400","Regression Tests","Fri Mar 20 04:09:39 UTC 2026","passed","Fri Mar 20 04:09:39 UTC 2026","ua.kpi.sc.test.api.tests.auth.AuthForgotPasswordTest","Regression","ua.kpi.sc.test.api.tests.auth.AuthForgotPasswordTest","forgotPasswordWithEmptyEmailReturns400"
"","150","Create feature flag returns 201 with correct fields","Regression Tests","Fri Mar 20 04:10:15 UTC 2026","passed","Fri Mar 20 04:10:15 UTC 2026","ua.kpi.sc.test.api.tests.featureflag.FeatureFlagAdminTest","Regression","ua.kpi.sc.test.api.tests.featureflag.FeatureFlagAdminTest","createFlagReturns201"
"","103","Login with null password returns 400","Regression Tests","Fri Mar 20 04:09:59 UTC 2026","passed","Fri Mar 20 04:09:59 UTC 2026","ua.kpi.sc.test.api.tests.auth.AuthLoginTest","Regression","ua.kpi.sc.test.api.tests.auth.AuthLoginTest","loginWithNullPasswordReturns400"
"","3488","Verify-login with recovery code succeeds","Regression Tests","Fri Mar 20 04:09:58 UTC 2026","passed","Fri Mar 20 04:10:01 UTC 2026","ua.kpi.sc.test.api.tests.auth.mfa.TotpLoginVerifyTest","Regression","ua.kpi.sc.test.api.tests.auth.mfa.TotpLoginVerifyTest","verifyLoginWithRecoveryCode"
"","49","Unauthenticated access to audit logs returns 401","Regression Tests","Fri Mar 20 04:09:34 UTC 2026","passed","Fri Mar 20 04:09:34 UTC 2026","ua.kpi.sc.test.api.tests.audit.AuditTest","Regression","ua.kpi.sc.test.api.tests.audit.AuditTest","unauthenticatedAccess_returns401"
"","15","Register with password exactly 7 chars returns 400","Regression Tests","Fri Mar 20 04:10:15 UTC 2026","passed","Fri Mar 20 04:10:15 UTC 2026","ua.kpi.sc.test.api.tests.auth.AuthRegisterTest","Regression","ua.kpi.sc.test.api.tests.auth.AuthRegisterTest","registerWithPasswordExactly7CharsReturns400"
"","1441","Get 2FA status for user without TOTP returns enabled=false","Regression Tests","Fri Mar 20 04:09:41 UTC 2026","passed","Fri Mar 20 04:09:42 UTC 2026","ua.kpi.sc.test.api.tests.auth.mfa.TotpStatusTest","Regression","ua.kpi.sc.test.api.tests.auth.mfa.TotpStatusTest","statusWithout2faReturnsDisabled"
"","299","Evaluate after toggle reflects new state","Regression Tests","Fri Mar 20 04:10:12 UTC 2026","passed","Fri Mar 20 04:10:12 UTC 2026","ua.kpi.sc.test.api.tests.featureflag.FeatureFlagEvaluationTest","Regression","ua.kpi.sc.test.api.tests.featureflag.FeatureFlagEvaluationTest","evaluateAfterToggle_reflectsNewState"
"","3526","Assign partner with each level succeeds","Regression Tests","Fri Mar 20 04:10:03 UTC 2026","passed","Fri Mar 20 04:10:06 UTC 2026","ua.kpi.sc.test.api.tests.user.UserAssignPartnerTest","Regression","ua.kpi.sc.test.api.tests.user.UserAssignPartnerTest","assignPartnerEachLevel"
"","96","PATCH /forgot-password returns 405","Regression Tests","Fri Mar 20 04:09:32 UTC 2026","passed","Fri Mar 20 04:09:33 UTC 2026","ua.kpi.sc.test.api.tests.auth.AuthForgotPasswordTest","Regression","ua.kpi.sc.test.api.tests.auth.AuthForgotPasswordTest","forgotPasswordMethodNotAllowedPatch"
"","45","Register 400 matches ProblemDetail schema","Regression Tests","Fri Mar 20 04:09:54 UTC 2026","passed","Fri Mar 20 04:09:54 UTC 2026","ua.kpi.sc.test.api.tests.auth.AuthRegisterTest","Regression","ua.kpi.sc.test.api.tests.auth.AuthRegisterTest","registerProblemDetailSchemaOn400"
"","944","POST /me returns 405","Regression Tests","Fri Mar 20 04:09:49 UTC 2026","passed","Fri Mar 20 04:09:50 UTC 2026","ua.kpi.sc.test.api.tests.auth.AuthMeTest","Regression","ua.kpi.sc.test.api.tests.auth.AuthMeTest","meMethodNotAllowedPost"
"","23","Register with null email returns 400","Regression Tests","Fri Mar 20 04:10:15 UTC 2026","passed","Fri Mar 20 04:10:15 UTC 2026","ua.kpi.sc.test.api.tests.auth.AuthRegisterTest","Regression","ua.kpi.sc.test.api.tests.auth.AuthRegisterTest","registerWithNullEmailReturns400"
"","475","Register with spaced name succeeds","Regression Tests","Fri Mar 20 04:10:16 UTC 2026","passed","Fri Mar 20 04:10:17 UTC 2026","ua.kpi.sc.test.api.tests.auth.AuthRegisterTest","Regression","ua.kpi.sc.test.api.tests.auth.AuthRegisterTest","registerWithSpacedNameSucceeds"
"","3368","Reset password 204 response has empty body (no JSON)","Regression Tests","Fri Mar 20 04:09:59 UTC 2026","passed","Fri Mar 20 04:10:02 UTC 2026","ua.kpi.sc.test.api.tests.auth.AuthResetPasswordTest","Regression","ua.kpi.sc.test.api.tests.auth.AuthResetPasswordTest","resetPasswordResponseHasEmptyBody"
"","7352","Can login with new password after change","Regression Tests","Fri Mar 20 04:09:57 UTC 2026","passed","Fri Mar 20 04:10:05 UTC 2026","ua.kpi.sc.test.api.tests.user.UserChangePasswordTest","Regression","ua.kpi.sc.test.api.tests.user.UserChangePasswordTest","canLoginWithNewPassword"
"","737","Add override and verify evaluation for targeted user","Regression Tests","Fri Mar 20 04:10:11 UTC 2026","passed","Fri Mar 20 04:10:12 UTC 2026","ua.kpi.sc.test.api.tests.featureflag.FeatureFlagLifecycleTest","Regression","ua.kpi.sc.test.api.tests.featureflag.FeatureFlagLifecycleTest","addOverrideAndVerifyEvaluationForTargetedUser"
"","104","Feature flag audit logs available via centralized endpoint","Regression Tests","Fri Mar 20 04:10:16 UTC 2026","passed","Fri Mar 20 04:10:16 UTC 2026","ua.kpi.sc.test.api.tests.featureflag.FeatureFlagAdminTest","Regression","ua.kpi.sc.test.api.tests.featureflag.FeatureFlagAdminTest","featureFlagAuditLogsAvailableViaCentralizedEndpoint"
"","1334","Register cookies have positive Max-Age","Regression Tests","Fri Mar 20 04:09:40 UTC 2026","passed","Fri Mar 20 04:09:42 UTC 2026","ua.kpi.sc.test.api.tests.auth.AuthCookieContractTest","Regression","ua.kpi.sc.test.api.tests.auth.AuthCookieContractTest","registerCookiesHavePositiveMaxAge"
"","1159","PATCH /users/{id}/tier with valid tier returns 200","Regression Tests","Fri Mar 20 04:10:10 UTC 2026","passed","Fri Mar 20 04:10:11 UTC 2026","ua.kpi.sc.test.api.tests.user.UserUpdateTierTest","Regression","ua.kpi.sc.test.api.tests.user.UserUpdateTierTest","updateTierWithValidValue"
"","27","Regenerate recovery codes without auth returns 401","Regression Tests","Fri Mar 20 04:09:41 UTC 2026","passed","Fri Mar 20 04:09:42 UTC 2026","ua.kpi.sc.test.api.tests.auth.mfa.TotpRecoveryCodesTest","Regression","ua.kpi.sc.test.api.tests.auth.mfa.TotpRecoveryCodesTest","regenerateWithoutAuthReturns401"
"","2135","2FA-enabled user with BASIC tier is still blocked from admin endpoints","Regression Tests","Fri Mar 20 04:09:47 UTC 2026","passed","Fri Mar 20 04:09:49 UTC 2026","ua.kpi.sc.test.api.tests.auth.mfa.TotpEnforcementTest","Regression","ua.kpi.sc.test.api.tests.auth.mfa.TotpEnforcementTest","twoFactorEnabledButBasicTierStillBlocked"
"","19","Get non-existent flag returns 404","Regression Tests","Fri Mar 20 04:10:16 UTC 2026","passed","Fri Mar 20 04:10:16 UTC 2026","ua.kpi.sc.test.api.tests.featureflag.FeatureFlagAdminTest","Regression","ua.kpi.sc.test.api.tests.featureflag.FeatureFlagAdminTest","getNonExistentFlagReturns404"
"","18","PATCH /register returns 405","Regression Tests","Fri Mar 20 04:09:51 UTC 2026","passed","Fri Mar 20 04:09:51 UTC 2026","ua.kpi.sc.test.api.tests.auth.AuthRegisterTest","Regression","ua.kpi.sc.test.api.tests.auth.AuthRegisterTest","registerMethodNotAllowedPatch"
"","631","Null fields returns 400","Regression Tests","Fri Mar 20 04:10:22 UTC 2026","passed","Fri Mar 20 04:10:22 UTC 2026","ua.kpi.sc.test.api.tests.user.UserChangePasswordTest","Regression","ua.kpi.sc.test.api.tests.user.UserChangePasswordTest","nullFieldsReturns400"
"","4678","Reset password with reused token returns 400","Regression Tests","Fri Mar 20 04:10:09 UTC 2026","passed","Fri Mar 20 04:10:14 UTC 2026","ua.kpi.sc.test.api.tests.auth.AuthResetPasswordTest","Regression","ua.kpi.sc.test.api.tests.auth.AuthResetPasswordTest","resetPasswordWithReusedTokenReturns400"
"","1826","PATCH /users/{id} with valid data returns 200 with updated fields","Regression Tests","Fri Mar 20 04:10:10 UTC 2026","passed","Fri Mar 20 04:10:12 UTC 2026","ua.kpi.sc.test.api.tests.user.UserUpdateProfileTest","Regression","ua.kpi.sc.test.api.tests.user.UserUpdateProfileTest","updateUserWithValidData"
"","1858","Get user by ID returns 200 with all fields","Regression Tests","Fri Mar 20 04:10:09 UTC 2026","passed","Fri Mar 20 04:10:11 UTC 2026","ua.kpi.sc.test.api.tests.user.UserGetByIdTest","Regression","ua.kpi.sc.test.api.tests.user.UserGetByIdTest","getUserByIdReturns200"
"","27","Create flag with key containing uppercase returns 400","Regression Tests","Fri Mar 20 04:10:15 UTC 2026","passed","Fri Mar 20 04:10:15 UTC 2026","ua.kpi.sc.test.api.tests.featureflag.FeatureFlagAdminTest","Regression","ua.kpi.sc.test.api.tests.featureflag.FeatureFlagAdminTest","createFlagWithKeyContainingUppercase_returns400"
"","1552","Refresh sets HttpOnly cookies","Regression Tests","Fri Mar 20 04:09:59 UTC 2026","passed","Fri Mar 20 04:10:01 UTC 2026","ua.kpi.sc.test.api.tests.auth.AuthRefreshTest","Regression","ua.kpi.sc.test.api.tests.auth.AuthRefreshTest","refreshSetsHttpOnlyCookies"
"","156","Google OAuth callback with invalid code returns error redirect","Regression Tests","Fri Mar 20 04:09:47 UTC 2026","passed","Fri Mar 20 04:09:47 UTC 2026","ua.kpi.sc.test.api.tests.auth.AuthGoogleOAuthTest","Regression","ua.kpi.sc.test.api.tests.auth.AuthGoogleOAuthTest","googleOAuthCallbackWithInvalidCodeReturnsError"
"","6581","Cannot login with old password after change","Regression Tests","Fri Mar 20 04:10:05 UTC 2026","passed","Fri Mar 20 04:10:11 UTC 2026","ua.kpi.sc.test.api.tests.user.UserChangePasswordTest","Regression","ua.kpi.sc.test.api.tests.user.UserChangePasswordTest","cannotLoginWithOldPassword"
"","341","Admin can create a rate limit rule","Regression Tests","Fri Mar 20 04:09:53 UTC 2026","passed","Fri Mar 20 04:09:54 UTC 2026","ua.kpi.sc.test.api.tests.ratelimit.RateLimitAdminTest","Regression","ua.kpi.sc.test.api.tests.ratelimit.RateLimitAdminTest","createRule_returns201"
"","18","Unauthenticated request returns 401","Regression Tests","Fri Mar 20 04:09:54 UTC 2026","passed","Fri Mar 20 04:09:54 UTC 2026","ua.kpi.sc.test.api.tests.ratelimit.RateLimitAdminTest","Regression","ua.kpi.sc.test.api.tests.ratelimit.RateLimitAdminTest","listRules_noAuth_returns401"
"","32","Google OAuth redirect Location contains accounts.google.com","Regression Tests","Fri Mar 20 04:09:48 UTC 2026","passed","Fri Mar 20 04:09:48 UTC 2026","ua.kpi.sc.test.api.tests.auth.AuthGoogleOAuthTest","Regression","ua.kpi.sc.test.api.tests.auth.AuthGoogleOAuthTest","googleOAuthRedirectLocationContainsGoogleAccounts"
"","194","Create flag response contains all expected fields","Regression Tests","Fri Mar 20 04:10:15 UTC 2026","passed","Fri Mar 20 04:10:15 UTC 2026","ua.kpi.sc.test.api.tests.featureflag.FeatureFlagAdminTest","Regression","ua.kpi.sc.test.api.tests.featureflag.FeatureFlagAdminTest","createFlagResponseContainsAllExpectedFields"
"","3496","Forgot password 204 body doesn't reveal email existence","Regression Tests","Fri Mar 20 04:09:24 UTC 2026","passed","Fri Mar 20 04:09:27 UTC 2026","ua.kpi.sc.test.api.tests.auth.AuthForgotPasswordTest","Regression","ua.kpi.sc.test.api.tests.auth.AuthForgotPasswordTest","forgotPassword204BodyDoesNotRevealEmailExistence"
"","105","Toggle generates audit log entry in centralized audit","Regression Tests","Fri Mar 20 04:10:18 UTC 2026","passed","Fri Mar 20 04:10:18 UTC 2026","ua.kpi.sc.test.api.tests.featureflag.FeatureFlagAdminTest","Regression","ua.kpi.sc.test.api.tests.featureflag.FeatureFlagAdminTest","toggleGeneratesAuditLogEntry"
"","194","Basic user cannot export audit CSV — returns 403","Regression Tests","Fri Mar 20 04:09:28 UTC 2026","passed","Fri Mar 20 04:09:28 UTC 2026","ua.kpi.sc.test.api.tests.audit.AuditTest","Regression","ua.kpi.sc.test.api.tests.audit.AuditTest","basicUserCannotExportCsv_returns403"
"","1781","PATCH /users/{id}/status to deactivate returns 200 with active=false","Regression Tests","Fri Mar 20 04:10:00 UTC 2026","passed","Fri Mar 20 04:10:01 UTC 2026","ua.kpi.sc.test.api.tests.user.UserUpdateStatusTest","Regression","ua.kpi.sc.test.api.tests.user.UserUpdateStatusTest","deactivateUserReturns200"
"","1783","Refresh sets both access_token and refresh_token cookies","Regression Tests","Fri Mar 20 04:09:57 UTC 2026","passed","Fri Mar 20 04:09:59 UTC 2026","ua.kpi.sc.test.api.tests.auth.AuthRefreshTest","Regression","ua.kpi.sc.test.api.tests.auth.AuthRefreshTest","refreshSetsBothCookies"
"","1643","Refresh rotates access token to a new value","Regression Tests","Fri Mar 20 04:09:56 UTC 2026","passed","Fri Mar 20 04:09:57 UTC 2026","ua.kpi.sc.test.api.tests.auth.AuthRefreshTest","Regression","ua.kpi.sc.test.api.tests.auth.AuthRefreshTest","refreshRotatesAccessToken"
"","1877","Delete user without auth returns 401","Regression Tests","Fri Mar 20 04:10:11 UTC 2026","passed","Fri Mar 20 04:10:13 UTC 2026","ua.kpi.sc.test.api.tests.user.UserDeleteTest","Regression","ua.kpi.sc.test.api.tests.user.UserDeleteTest","deleteUserWithoutAuthReturns401"
"","63","Reset password with XSS in token returns 400","Regression Tests","Fri Mar 20 04:10:18 UTC 2026","passed","Fri Mar 20 04:10:18 UTC 2026","ua.kpi.sc.test.api.tests.auth.AuthResetPasswordTest","Regression","ua.kpi.sc.test.api.tests.auth.AuthResetPasswordTest","resetPasswordWithXssInTokenReturns400"
"","77","Forgot password with SQL injection in email is rejected with 400","Regression Tests","Fri Mar 20 04:09:39 UTC 2026","passed","Fri Mar 20 04:09:39 UTC 2026","ua.kpi.sc.test.api.tests.auth.AuthForgotPasswordTest","Regression","ua.kpi.sc.test.api.tests.auth.AuthForgotPasswordTest","forgotPasswordWithSqlInjectionReturns400"
"","1180","GET /me response does not contain password field","Regression Tests","Fri Mar 20 04:09:45 UTC 2026","passed","Fri Mar 20 04:09:46 UTC 2026","ua.kpi.sc.test.api.tests.auth.AuthMeTest","Regression","ua.kpi.sc.test.api.tests.auth.AuthMeTest","meDoesNotReturnPasswordField"
"","13","GET /refresh returns 405","Regression Tests","Fri Mar 20 04:09:49 UTC 2026","passed","Fri Mar 20 04:09:49 UTC 2026","ua.kpi.sc.test.api.tests.auth.AuthRefreshTest","Regression","ua.kpi.sc.test.api.tests.auth.AuthRefreshTest","refreshMethodNotAllowedGet"
"","92","List feature flags returns paginated response","Regression Tests","Fri Mar 20 04:10:17 UTC 2026","passed","Fri Mar 20 04:10:17 UTC 2026","ua.kpi.sc.test.api.tests.featureflag.FeatureFlagAdminTest","Regression","ua.kpi.sc.test.api.tests.featureflag.FeatureFlagAdminTest","listFlagsReturnsPaginatedResponse"
"","16","Register with SQL injection in firstName is rejected","Regression Tests","Fri Mar 20 04:10:17 UTC 2026","passed","Fri Mar 20 04:10:17 UTC 2026","ua.kpi.sc.test.api.tests.auth.AuthRegisterTest","Regression","ua.kpi.sc.test.api.tests.auth.AuthRegisterTest","registerWithSqlInjectionInFirstName"
"","36","Reset password with whitespace-only password returns 400","Regression Tests","Fri Mar 20 04:10:17 UTC 2026","passed","Fri Mar 20 04:10:18 UTC 2026","ua.kpi.sc.test.api.tests.auth.AuthResetPasswordTest","Regression","ua.kpi.sc.test.api.tests.auth.AuthResetPasswordTest","resetPasswordWithWhitespacePasswordReturns400"
"","110","Forgot password with whitespace-only email returns 400","Regression Tests","Fri Mar 20 04:09:39 UTC 2026","passed","Fri Mar 20 04:09:39 UTC 2026","ua.kpi.sc.test.api.tests.auth.AuthForgotPasswordTest","Regression","ua.kpi.sc.test.api.tests.auth.AuthForgotPasswordTest","forgotPasswordWithWhitespaceEmailReturns400"
"","63","Forgot password with empty JSON object returns 400","Regression Tests","Fri Mar 20 04:09:39 UTC 2026","passed","Fri Mar 20 04:09:39 UTC 2026","ua.kpi.sc.test.api.tests.auth.AuthForgotPasswordTest","Regression","ua.kpi.sc.test.api.tests.auth.AuthForgotPasswordTest","forgotPasswordWithEmptyJsonObjectReturns400"
"","33","healthEndpointReturns200WithStatusUp","Regression Tests","Fri Mar 20 04:09:53 UTC 2026","passed","Fri Mar 20 04:09:53 UTC 2026","ua.kpi.sc.test.api.tests.smoke.HealthCheckTest","Regression","ua.kpi.sc.test.api.tests.smoke.HealthCheckTest","healthEndpointReturns200WithStatusUp"
"","1509","GET /logout returns 405","Regression Tests","Fri Mar 20 04:09:59 UTC 2026","passed","Fri Mar 20 04:10:00 UTC 2026","ua.kpi.sc.test.api.tests.auth.AuthLogoutTest","Regression","ua.kpi.sc.test.api.tests.auth.AuthLogoutTest","logoutMethodNotAllowedGet"
"","785","Register cookies have SameSite=Lax attribute","Regression Tests","Fri Mar 20 04:09:42 UTC 2026","passed","Fri Mar 20 04:09:42 UTC 2026","ua.kpi.sc.test.api.tests.auth.AuthCookieContractTest","Regression","ua.kpi.sc.test.api.tests.auth.AuthCookieContractTest","registerCookiesHaveSameSiteLax"
"","1759","DELETE /logout returns 405","Regression Tests","Fri Mar 20 04:09:57 UTC 2026","passed","Fri Mar 20 04:09:59 UTC 2026","ua.kpi.sc.test.api.tests.auth.AuthLogoutTest","Regression","ua.kpi.sc.test.api.tests.auth.AuthLogoutTest","logoutMethodNotAllowedDelete"
"","79","PATCH /users/{id} for non-existent user returns 404","Regression Tests","Fri Mar 20 04:10:07 UTC 2026","passed","Fri Mar 20 04:10:07 UTC 2026","ua.kpi.sc.test.api.tests.user.UserUpdateProfileTest","Regression","ua.kpi.sc.test.api.tests.user.UserUpdateProfileTest","updateNonExistentUserReturns404"
"","103","Reset password with invalid token returns 400","Regression Tests","Fri Mar 20 04:10:09 UTC 2026","passed","Fri Mar 20 04:10:09 UTC 2026","ua.kpi.sc.test.api.tests.auth.AuthResetPasswordTest","Regression","ua.kpi.sc.test.api.tests.auth.AuthResetPasswordTest","resetPasswordWithInvalidTokenReturns400"
"","1005","Register -> refresh -> getMe with new token: email matches","Regression Tests","Fri Mar 20 04:09:36 UTC 2026","passed","Fri Mar 20 04:09:37 UTC 2026","ua.kpi.sc.test.api.tests.auth.AuthFlowTest","Regression","ua.kpi.sc.test.api.tests.auth.AuthFlowTest","fullRegistrationRefreshMeFlow"
"","30","Google OAuth redirect Location contains client_id parameter","Regression Tests","Fri Mar 20 04:09:48 UTC 2026","passed","Fri Mar 20 04:09:48 UTC 2026","ua.kpi.sc.test.api.tests.auth.AuthGoogleOAuthTest","Regression","ua.kpi.sc.test.api.tests.auth.AuthGoogleOAuthTest","googleOAuthRedirectLocationContainsClientId"
"","570","Basic user access to audit logs returns 403","Regression Tests","Fri Mar 20 04:09:27 UTC 2026","passed","Fri Mar 20 04:09:28 UTC 2026","ua.kpi.sc.test.api.tests.audit.AuditTest","Regression","ua.kpi.sc.test.api.tests.audit.AuditTest","basicUserAccess_returns403"
"","102","Override appears in flag detail","Regression Tests","Fri Mar 20 04:10:17 UTC 2026","passed","Fri Mar 20 04:10:17 UTC 2026","ua.kpi.sc.test.api.tests.featureflag.FeatureFlagAdminTest","Regression","ua.kpi.sc.test.api.tests.featureflag.FeatureFlagAdminTest","overrideAppearsInFlagDetail"
"","72","Reset password 400 contains meaningful detail","Regression Tests","Fri Mar 20 04:09:56 UTC 2026","passed","Fri Mar 20 04:09:56 UTC 2026","ua.kpi.sc.test.api.tests.auth.AuthResetPasswordTest","Regression","ua.kpi.sc.test.api.tests.auth.AuthResetPasswordTest","resetPassword400ContainsMeaningfulDetail"
"","55","PATCH /login returns 405","Regression Tests","Fri Mar 20 04:09:30 UTC 2026","passed","Fri Mar 20 04:09:30 UTC 2026","ua.kpi.sc.test.api.tests.auth.AuthLoginTest","Regression","ua.kpi.sc.test.api.tests.auth.AuthLoginTest","loginMethodNotAllowedPatch"
"","144","GET /auth/me without token returns 401","Regression Tests","Fri Mar 20 04:10:09 UTC 2026","passed","Fri Mar 20 04:10:09 UTC 2026","ua.kpi.sc.test.api.tests.auth.AuthMeTest","Regression","ua.kpi.sc.test.api.tests.auth.AuthMeTest","meWithoutAuthReturns401"
"","127","Create rule response has all expected fields","Regression Tests","Fri Mar 20 04:09:53 UTC 2026","passed","Fri Mar 20 04:09:53 UTC 2026","ua.kpi.sc.test.api.tests.ratelimit.RateLimitAdminTest","Regression","ua.kpi.sc.test.api.tests.ratelimit.RateLimitAdminTest","createRule_responseHasExpectedFields"
"","143","List flags with custom page size returns correct number","Regression Tests","Fri Mar 20 04:10:17 UTC 2026","passed","Fri Mar 20 04:10:17 UTC 2026","ua.kpi.sc.test.api.tests.featureflag.FeatureFlagAdminTest","Regression","ua.kpi.sc.test.api.tests.featureflag.FeatureFlagAdminTest","listFlagsWithPageSizeReturnsCorrectNumberOfItems"
"","1054","Verify setup without prior setup returns 400 or 404","Regression Tests","Fri Mar 20 04:09:49 UTC 2026","passed","Fri Mar 20 04:09:50 UTC 2026","ua.kpi.sc.test.api.tests.auth.mfa.TotpSetupTest","Regression","ua.kpi.sc.test.api.tests.auth.mfa.TotpSetupTest","verifySetupWithoutSetupReturnsError"
"","1535","Register cookies have Path=/","Regression Tests","Fri Mar 20 04:09:39 UTC 2026","passed","Fri Mar 20 04:09:40 UTC 2026","ua.kpi.sc.test.api.tests.auth.AuthCookieContractTest","Regression","ua.kpi.sc.test.api.tests.auth.AuthCookieContractTest","registerCookiesHavePathSlash"
"","58","Register with empty firstName returns 400","Regression Tests","Fri Mar 20 04:10:11 UTC 2026","passed","Fri Mar 20 04:10:11 UTC 2026","ua.kpi.sc.test.api.tests.auth.AuthRegisterTest","Regression","ua.kpi.sc.test.api.tests.auth.AuthRegisterTest","registerWithEmptyFirstNameReturns400"
"","1557","Register response matches auth-user-response schema","Regression Tests","Fri Mar 20 04:09:56 UTC 2026","passed","Fri Mar 20 04:09:58 UTC 2026","ua.kpi.sc.test.api.tests.auth.AuthRegisterTest","Regression","ua.kpi.sc.test.api.tests.auth.AuthRegisterTest","registerResponseMatchesSchema"
"","1020","Register password is not returned in response body","Regression Tests","Fri Mar 20 04:09:53 UTC 2026","passed","Fri Mar 20 04:09:54 UTC 2026","ua.kpi.sc.test.api.tests.auth.AuthRegisterTest","Regression","ua.kpi.sc.test.api.tests.auth.AuthRegisterTest","registerPasswordNotReturnedInResponse"
"","74","Update flag generates audit entry in centralized audit","Regression Tests","Fri Mar 20 04:10:18 UTC 2026","passed","Fri Mar 20 04:10:18 UTC 2026","ua.kpi.sc.test.api.tests.featureflag.FeatureFlagAdminTest","Regression","ua.kpi.sc.test.api.tests.featureflag.FeatureFlagAdminTest","updateFlagGeneratesAuditEntryWithOldAndNewValues"
"","28","Register with plain text content type returns 415","Regression Tests","Fri Mar 20 04:10:16 UTC 2026","passed","Fri Mar 20 04:10:16 UTC 2026","ua.kpi.sc.test.api.tests.auth.AuthRegisterTest","Regression","ua.kpi.sc.test.api.tests.auth.AuthRegisterTest","registerWithPlainTextReturns415"
"","194","Evaluate single disabled flag returns false","Regression Tests","Fri Mar 20 04:10:14 UTC 2026","passed","Fri Mar 20 04:10:14 UTC 2026","ua.kpi.sc.test.api.tests.featureflag.FeatureFlagEvaluationTest","Regression","ua.kpi.sc.test.api.tests.featureflag.FeatureFlagEvaluationTest","evaluateSingleDisabledFlagReturnsFalse"
"","279","Audit logs pagination works correctly","Regression Tests","Fri Mar 20 04:09:33 UTC 2026","passed","Fri Mar 20 04:09:34 UTC 2026","ua.kpi.sc.test.api.tests.audit.AuditTest","Regression","ua.kpi.sc.test.api.tests.audit.AuditTest","pagination_worksCorrectly"
"","1471","Status without 2FA has recoveryCodesRemaining=0","Regression Tests","Fri Mar 20 04:09:39 UTC 2026","passed","Fri Mar 20 04:09:41 UTC 2026","ua.kpi.sc.test.api.tests.auth.mfa.TotpStatusTest","Regression","ua.kpi.sc.test.api.tests.auth.mfa.TotpStatusTest","statusWithout2faHasZeroRecoveryCodes"
"","1195","72-char new password returns 204","Regression Tests","Fri Mar 20 04:10:20 UTC 2026","passed","Fri Mar 20 04:10:22 UTC 2026","ua.kpi.sc.test.api.tests.user.UserChangePasswordTest","Regression","ua.kpi.sc.test.api.tests.user.UserChangePasswordTest","maxLengthNewPasswordReturns204"
"","3904","Concurrent forgot-password requests all return 204","Regression Tests","Fri Mar 20 04:09:24 UTC 2026","passed","Fri Mar 20 04:09:28 UTC 2026","ua.kpi.sc.test.api.tests.auth.AuthPasswordResetFlowTest","Regression","ua.kpi.sc.test.api.tests.auth.AuthPasswordResetFlowTest","concurrentForgotPasswordRequestsAllReturn204"
"","35","Non-admin user cannot broadcast notification — returns 403","Regression Tests","Fri Mar 20 04:10:10 UTC 2026","passed","Fri Mar 20 04:10:10 UTC 2026","ua.kpi.sc.test.api.tests.notification.NotificationBroadcastTest","Regression","ua.kpi.sc.test.api.tests.notification.NotificationBroadcastTest","shouldRejectBroadcastForNonAdmin"
"","6756","Reset then change-password still works","Regression Tests","Fri Mar 20 04:09:46 UTC 2026","passed","Fri Mar 20 04:09:53 UTC 2026","ua.kpi.sc.test.api.tests.auth.AuthPasswordResetFlowTest","Regression","ua.kpi.sc.test.api.tests.auth.AuthPasswordResetFlowTest","resetThenChangePasswordStillWorks"
"","213","Add tier override returns 201","Regression Tests","Fri Mar 20 04:10:12 UTC 2026","passed","Fri Mar 20 04:10:12 UTC 2026","ua.kpi.sc.test.api.tests.featureflag.FeatureFlagAdminTest","Regression","ua.kpi.sc.test.api.tests.featureflag.FeatureFlagAdminTest","addTierOverrideReturns201"
"","21","Register with very long email returns 400","Regression Tests","Fri Mar 20 04:10:17 UTC 2026","passed","Fri Mar 20 04:10:18 UTC 2026","ua.kpi.sc.test.api.tests.auth.AuthRegisterTest","Regression","ua.kpi.sc.test.api.tests.auth.AuthRegisterTest","registerWithVeryLongEmailReturns400"
"","50","GET /login returns 405","Regression Tests","Fri Mar 20 04:09:30 UTC 2026","passed","Fri Mar 20 04:09:30 UTC 2026","ua.kpi.sc.test.api.tests.auth.AuthLoginTest","Regression","ua.kpi.sc.test.api.tests.auth.AuthLoginTest","loginMethodNotAllowedGet"
"","1044","Register with accented name succeeds","Regression Tests","Fri Mar 20 04:10:06 UTC 2026","passed","Fri Mar 20 04:10:07 UTC 2026","ua.kpi.sc.test.api.tests.auth.AuthRegisterTest","Regression","ua.kpi.sc.test.api.tests.auth.AuthRegisterTest","registerWithAccentedNameSucceeds"
"","69","Forgot password returns 204 for non-existent email (enumeration prevention)","Regression Tests","Fri Mar 20 04:09:34 UTC 2026","passed","Fri Mar 20 04:09:35 UTC 2026","ua.kpi.sc.test.api.tests.auth.AuthForgotPasswordTest","Regression","ua.kpi.sc.test.api.tests.auth.AuthForgotPasswordTest","forgotPasswordReturns204ForNonExistentEmail"
"","148","Logout with invalid bearer token returns 401","Regression Tests","Fri Mar 20 04:10:06 UTC 2026","passed","Fri Mar 20 04:10:06 UTC 2026","ua.kpi.sc.test.api.tests.auth.AuthLogoutTest","Regression","ua.kpi.sc.test.api.tests.auth.AuthLogoutTest","logoutWithInvalidTokenReturns401"
"","93","Get default notification preferences returns 200 with array body","Regression Tests","Fri Mar 20 04:10:10 UTC 2026","passed","Fri Mar 20 04:10:10 UTC 2026","ua.kpi.sc.test.api.tests.notification.NotificationPreferencesTest","Regression","ua.kpi.sc.test.api.tests.notification.NotificationPreferencesTest","shouldGetDefaultPreferences"
"","35","Create flag with key starting with number returns 400","Regression Tests","Fri Mar 20 04:10:15 UTC 2026","passed","Fri Mar 20 04:10:15 UTC 2026","ua.kpi.sc.test.api.tests.featureflag.FeatureFlagAdminTest","Regression","ua.kpi.sc.test.api.tests.featureflag.FeatureFlagAdminTest","createFlagWithKeyStartingWithNumber_returns400"
"","262","Centralized audit returns cross-flag entries","Regression Tests","Fri Mar 20 04:10:13 UTC 2026","passed","Fri Mar 20 04:10:13 UTC 2026","ua.kpi.sc.test.api.tests.featureflag.FeatureFlagAdminTest","Regression","ua.kpi.sc.test.api.tests.featureflag.FeatureFlagAdminTest","allAuditLogsEndpointReturnsCrossFlag"
"","1244","Refresh cookies have Secure flag matching transport protocol","Regression Tests","Fri Mar 20 04:09:38 UTC 2026","passed","Fri Mar 20 04:09:39 UTC 2026","ua.kpi.sc.test.api.tests.auth.AuthCookieContractTest","Regression","ua.kpi.sc.test.api.tests.auth.AuthCookieContractTest","refreshCookiesHaveSecureFlag"
"","2257","Logout then login produces new tokens; new token works for getMe","Regression Tests","Fri Mar 20 04:09:41 UTC 2026","passed","Fri Mar 20 04:09:43 UTC 2026","ua.kpi.sc.test.api.tests.auth.AuthFlowTest","Regression","ua.kpi.sc.test.api.tests.auth.AuthFlowTest","logoutThenLoginProducesNewTokens"
"","44","Refresh with expired/garbage JWT returns 401","Regression Tests","Fri Mar 20 04:10:06 UTC 2026","passed","Fri Mar 20 04:10:06 UTC 2026","ua.kpi.sc.test.api.tests.auth.AuthRefreshTest","Regression","ua.kpi.sc.test.api.tests.auth.AuthRefreshTest","refreshWithExpiredRefreshTokenReturns401"
"","1700","Search by email substring returns results","Regression Tests","Fri Mar 20 04:10:09 UTC 2026","passed","Fri Mar 20 04:10:10 UTC 2026","ua.kpi.sc.test.api.tests.user.UserSearchFilterTest","Regression","ua.kpi.sc.test.api.tests.user.UserSearchFilterTest","searchByEmailSubstring"
"","23","DELETE /oauth2/google returns 405","Regression Tests","Fri Mar 20 04:09:48 UTC 2026","passed","Fri Mar 20 04:09:48 UTC 2026","ua.kpi.sc.test.api.tests.auth.AuthGoogleOAuthTest","Regression","ua.kpi.sc.test.api.tests.auth.AuthGoogleOAuthTest","googleOAuthMethodNotAllowedDelete"
"","1185","Register 409 matches ProblemDetail schema","Regression Tests","Fri Mar 20 04:09:54 UTC 2026","passed","Fri Mar 20 04:09:55 UTC 2026","ua.kpi.sc.test.api.tests.auth.AuthRegisterTest","Regression","ua.kpi.sc.test.api.tests.auth.AuthRegisterTest","registerProblemDetailSchemaOn409"
"","1610","Regenerate recovery codes when 2FA not enabled returns 400 or 404","Regression Tests","Fri Mar 20 04:09:38 UTC 2026","passed","Fri Mar 20 04:09:40 UTC 2026","ua.kpi.sc.test.api.tests.auth.mfa.TotpRecoveryCodesTest","Regression","ua.kpi.sc.test.api.tests.auth.mfa.TotpRecoveryCodesTest","regenerateWhen2faNotEnabledReturnsError"
"","46","Google OAuth callback with mismatched state returns error redirect","Regression Tests","Fri Mar 20 04:09:47 UTC 2026","passed","Fri Mar 20 04:09:48 UTC 2026","ua.kpi.sc.test.api.tests.auth.AuthGoogleOAuthTest","Regression","ua.kpi.sc.test.api.tests.auth.AuthGoogleOAuthTest","googleOAuthCallbackWithMismatchedStateReturnsError"
"","51","Reset password with empty new password returns 400","Regression Tests","Fri Mar 20 04:10:09 UTC 2026","passed","Fri Mar 20 04:10:09 UTC 2026","ua.kpi.sc.test.api.tests.auth.AuthResetPasswordTest","Regression","ua.kpi.sc.test.api.tests.auth.AuthResetPasswordTest","resetPasswordWithEmptyPasswordReturns400"
"","53","PUT /users/me returns 405","Regression Tests","Fri Mar 20 04:10:04 UTC 2026","passed","Fri Mar 20 04:10:04 UTC 2026","ua.kpi.sc.test.api.tests.user.UserSelfUpdateTest","Regression","ua.kpi.sc.test.api.tests.user.UserSelfUpdateTest","putMeReturns405"
"","35","Forgot password with empty body returns 400","Regression Tests","Fri Mar 20 04:09:39 UTC 2026","passed","Fri Mar 20 04:09:39 UTC 2026","ua.kpi.sc.test.api.tests.auth.AuthForgotPasswordTest","Regression","ua.kpi.sc.test.api.tests.auth.AuthForgotPasswordTest","forgotPasswordWithEmptyBodyReturns400"
"","3933","Old recovery codes are invalidated after regeneration","Regression Tests","Fri Mar 20 04:09:32 UTC 2026","passed","Fri Mar 20 04:09:36 UTC 2026","ua.kpi.sc.test.api.tests.auth.mfa.TotpRecoveryCodesTest","Regression","ua.kpi.sc.test.api.tests.auth.mfa.TotpRecoveryCodesTest","oldRecoveryCodesInvalidatedAfterRegeneration"
"","811","Full lifecycle: create → toggle → add override → update → delete","Regression Tests","Fri Mar 20 04:10:13 UTC 2026","passed","Fri Mar 20 04:10:14 UTC 2026","ua.kpi.sc.test.api.tests.featureflag.FeatureFlagLifecycleTest","Regression","ua.kpi.sc.test.api.tests.featureflag.FeatureFlagLifecycleTest","fullLifecycle_createToggleAddOverrideUpdateDelete"
"","907","Register with Unicode (Cyrillic) names succeeds","Regression Tests","Fri Mar 20 04:10:17 UTC 2026","passed","Fri Mar 20 04:10:17 UTC 2026","ua.kpi.sc.test.api.tests.auth.AuthRegisterTest","Regression","ua.kpi.sc.test.api.tests.auth.AuthRegisterTest","registerWithUnicodeNamesSucceeds"
"","75","Create user with short password returns 400","Regression Tests","Fri Mar 20 04:09:58 UTC 2026","passed","Fri Mar 20 04:09:58 UTC 2026","ua.kpi.sc.test.api.tests.user.UserCreateTest","Regression","ua.kpi.sc.test.api.tests.user.UserCreateTest","createUserShortPasswordReturns400"
"","3233","GET /me returns same data as login response","Regression Tests","Fri Mar 20 04:09:58 UTC 2026","passed","Fri Mar 20 04:10:02 UTC 2026","ua.kpi.sc.test.api.tests.auth.AuthMeTest","Regression","ua.kpi.sc.test.api.tests.auth.AuthMeTest","meReturnsSameDataAsLogin"
"","2039","Login returns capabilityTier that is not null and >= 0","Regression Tests","Fri Mar 20 04:09:42 UTC 2026","passed","Fri Mar 20 04:09:44 UTC 2026","ua.kpi.sc.test.api.tests.auth.AuthLoginTest","Regression","ua.kpi.sc.test.api.tests.auth.AuthLoginTest","loginReturnsCapabilityTier"
"","2234","Login returns the same email as registered","Regression Tests","Fri Mar 20 04:09:47 UTC 2026","passed","Fri Mar 20 04:09:50 UTC 2026","ua.kpi.sc.test.api.tests.auth.AuthLoginTest","Regression","ua.kpi.sc.test.api.tests.auth.AuthLoginTest","loginReturnsSameEmailAsRegistered"
"","774","POST /me 405 matches ProblemDetail schema","Regression Tests","Fri Mar 20 04:09:44 UTC 2026","passed","Fri Mar 20 04:09:45 UTC 2026","ua.kpi.sc.test.api.tests.auth.AuthMeTest","Regression","ua.kpi.sc.test.api.tests.auth.AuthMeTest","me405MatchesProblemDetailSchema"
"","1822","Multiple forgot password calls all return 204","Regression Tests","Fri Mar 20 04:09:40 UTC 2026","passed","Fri Mar 20 04:09:41 UTC 2026","ua.kpi.sc.test.api.tests.auth.AuthForgotPasswordTest","Regression","ua.kpi.sc.test.api.tests.auth.AuthForgotPasswordTest","multipleForgotPasswordCallsAllReturn204"
"","1724","Register with extra unknown fields succeeds","Regression Tests","Fri Mar 20 04:10:12 UTC 2026","passed","Fri Mar 20 04:10:14 UTC 2026","ua.kpi.sc.test.api.tests.auth.AuthRegisterTest","Regression","ua.kpi.sc.test.api.tests.auth.AuthRegisterTest","registerWithExtraUnknownFieldsSucceeds"
"","26","Expired/invalid access token returns 401","Regression Tests","Fri Mar 20 04:09:44 UTC 2026","passed","Fri Mar 20 04:09:44 UTC 2026","ua.kpi.sc.test.api.tests.auth.AuthMeTest","Regression","ua.kpi.sc.test.api.tests.auth.AuthMeTest","expiredTokenReturns401"
"","1239","GET /me with tampered JWT signature returns 401","Regression Tests","Fri Mar 20 04:10:08 UTC 2026","passed","Fri Mar 20 04:10:09 UTC 2026","ua.kpi.sc.test.api.tests.auth.AuthMeTest","Regression","ua.kpi.sc.test.api.tests.auth.AuthMeTest","meWithTamperedJwtSignatureReturns401"
"","63","Register with invalid email format returns 400","Regression Tests","Fri Mar 20 04:10:15 UTC 2026","passed","Fri Mar 20 04:10:15 UTC 2026","ua.kpi.sc.test.api.tests.auth.AuthRegisterTest","Regression","ua.kpi.sc.test.api.tests.auth.AuthRegisterTest","registerWithInvalidEmailFormatReturns400"
"","100","List flags pagination works","Regression Tests","Fri Mar 20 04:10:16 UTC 2026","passed","Fri Mar 20 04:10:17 UTC 2026","ua.kpi.sc.test.api.tests.featureflag.FeatureFlagAdminTest","Regression","ua.kpi.sc.test.api.tests.featureflag.FeatureFlagAdminTest","listFlagsPaginationWorks"
"","421","Add tier override appears in flag detail","Regression Tests","Fri Mar 20 04:10:12 UTC 2026","passed","Fri Mar 20 04:10:12 UTC 2026","ua.kpi.sc.test.api.tests.featureflag.FeatureFlagAdminTest","Regression","ua.kpi.sc.test.api.tests.featureflag.FeatureFlagAdminTest","addTierOverrideAppearsInFlagDetail"
"","1780","Regenerate recovery codes returns 200 with new codes","Regression Tests","Fri Mar 20 04:09:36 UTC 2026","passed","Fri Mar 20 04:09:38 UTC 2026","ua.kpi.sc.test.api.tests.auth.mfa.TotpRecoveryCodesTest","Regression","ua.kpi.sc.test.api.tests.auth.mfa.TotpRecoveryCodesTest","regenerateRecoveryCodesReturnsNewCodes"
"","179","Admin can update a rule","Regression Tests","Fri Mar 20 04:09:55 UTC 2026","passed","Fri Mar 20 04:09:55 UTC 2026","ua.kpi.sc.test.api.tests.ratelimit.RateLimitAdminTest","Regression","ua.kpi.sc.test.api.tests.ratelimit.RateLimitAdminTest","updateRule_returns200"
"","178","Evaluate with percentage rollout returns deterministic result","Regression Tests","Fri Mar 20 04:10:14 UTC 2026","passed","Fri Mar 20 04:10:15 UTC 2026","ua.kpi.sc.test.api.tests.featureflag.FeatureFlagEvaluationTest","Regression","ua.kpi.sc.test.api.tests.featureflag.FeatureFlagEvaluationTest","evaluateWithPercentageRollout_deterministicResult"
"","140","Toggle flag changes enabled state","Regression Tests","Fri Mar 20 04:10:17 UTC 2026","passed","Fri Mar 20 04:10:18 UTC 2026","ua.kpi.sc.test.api.tests.featureflag.FeatureFlagAdminTest","Regression","ua.kpi.sc.test.api.tests.featureflag.FeatureFlagAdminTest","toggleFlagChangesEnabledState"
"","2218","Verify-login response contains user fields: id, email, firstName, lastName","Regression Tests","Fri Mar 20 04:09:50 UTC 2026","passed","Fri Mar 20 04:09:52 UTC 2026","ua.kpi.sc.test.api.tests.auth.mfa.TotpLoginVerifyTest","Regression","ua.kpi.sc.test.api.tests.auth.mfa.TotpLoginVerifyTest","verifyLoginReturnsUserFields"
"","1335","PATCH /users/{id} preserves email, tier, and active status","Regression Tests","Fri Mar 20 04:10:09 UTC 2026","passed","Fri Mar 20 04:10:10 UTC 2026","ua.kpi.sc.test.api.tests.user.UserUpdateProfileTest","Regression","ua.kpi.sc.test.api.tests.user.UserUpdateProfileTest","updateUserPreservesOtherFields"
"","3392","Reset password with valid token returns 204","Regression Tests","Fri Mar 20 04:10:14 UTC 2026","passed","Fri Mar 20 04:10:17 UTC 2026","ua.kpi.sc.test.api.tests.auth.AuthResetPasswordTest","Regression","ua.kpi.sc.test.api.tests.auth.AuthResetPasswordTest","resetPasswordWithValidTokenReturns204"
"","1211","PUT /users/{id} returns 405 Method Not Allowed","Regression Tests","Fri Mar 20 04:10:06 UTC 2026","passed","Fri Mar 20 04:10:07 UTC 2026","ua.kpi.sc.test.api.tests.user.UserUpdateProfileTest","Regression","ua.kpi.sc.test.api.tests.user.UserUpdateProfileTest","putUserReturns405"
"","37","Google OAuth redirect Location contains redirect_uri parameter","Regression Tests","Fri Mar 20 04:09:48 UTC 2026","passed","Fri Mar 20 04:09:48 UTC 2026","ua.kpi.sc.test.api.tests.auth.AuthGoogleOAuthTest","Regression","ua.kpi.sc.test.api.tests.auth.AuthGoogleOAuthTest","googleOAuthRedirectLocationContainsRedirectUri"
"","65","GET /me with malformed Bearer token returns 401","Regression Tests","Fri Mar 20 04:10:07 UTC 2026","passed","Fri Mar 20 04:10:07 UTC 2026","ua.kpi.sc.test.api.tests.auth.AuthMeTest","Regression","ua.kpi.sc.test.api.tests.auth.AuthMeTest","meWithMalformedBearerTokenReturns401"
"","1459","Created user appears in user list","Regression Tests","Fri Mar 20 04:10:06 UTC 2026","passed","Fri Mar 20 04:10:07 UTC 2026","ua.kpi.sc.test.api.tests.user.UserCreateTest","Regression","ua.kpi.sc.test.api.tests.user.UserCreateTest","createdUserAppearsInList"
"","65","Verify-login without mfa_token cookie returns 401","Regression Tests","Fri Mar 20 04:10:01 UTC 2026","passed","Fri Mar 20 04:10:01 UTC 2026","ua.kpi.sc.test.api.tests.auth.mfa.TotpLoginVerifyTest","Regression","ua.kpi.sc.test.api.tests.auth.mfa.TotpLoginVerifyTest","verifyLoginWithoutMfaTokenReturns401"
"","89","Basic user cannot delete flag — returns 403","Regression Tests","Fri Mar 20 04:10:14 UTC 2026","passed","Fri Mar 20 04:10:14 UTC 2026","ua.kpi.sc.test.api.tests.featureflag.FeatureFlagAdminTest","Regression","ua.kpi.sc.test.api.tests.featureflag.FeatureFlagAdminTest","basicUserCannotDeleteFlag_returns403"
"","9528","After disabling TOTP, login no longer requires 2FA","Regression Tests","Fri Mar 20 04:09:24 UTC 2026","passed","Fri Mar 20 04:09:33 UTC 2026","ua.kpi.sc.test.api.tests.auth.mfa.TotpDisableTest","Regression","ua.kpi.sc.test.api.tests.auth.mfa.TotpDisableTest","afterDisableTotpLoginDoesNotRequire2fa"
"","1290","Remove partner level returns 204","Regression Tests","Fri Mar 20 04:10:07 UTC 2026","passed","Fri Mar 20 04:10:09 UTC 2026","ua.kpi.sc.test.api.tests.user.UserRemovePartnerTest","Regression","ua.kpi.sc.test.api.tests.user.UserRemovePartnerTest","removePartnerLevelReturns204"
"","2047","Refresh with access token used as refresh cookie returns 401","Regression Tests","Fri Mar 20 04:10:04 UTC 2026","passed","Fri Mar 20 04:10:06 UTC 2026","ua.kpi.sc.test.api.tests.auth.AuthRefreshTest","Regression","ua.kpi.sc.test.api.tests.auth.AuthRefreshTest","refreshWithAccessTokenAsCookieReturns401"
"","56","PATCH /users/{id}/status for non-existent user returns 404","Regression Tests","Fri Mar 20 04:10:05 UTC 2026","passed","Fri Mar 20 04:10:05 UTC 2026","ua.kpi.sc.test.api.tests.user.UserUpdateStatusTest","Regression","ua.kpi.sc.test.api.tests.user.UserUpdateStatusTest","updateStatusForNonExistentUserReturns404"
"","105","Basic user cannot toggle flag — returns 403","Regression Tests","Fri Mar 20 04:10:14 UTC 2026","passed","Fri Mar 20 04:10:14 UTC 2026","ua.kpi.sc.test.api.tests.featureflag.FeatureFlagAdminTest","Regression","ua.kpi.sc.test.api.tests.featureflag.FeatureFlagAdminTest","basicUserCannotToggleFlag_returns403"
"","2182","Register -> login -> refresh with login refresh token returns 200 with user data","Regression Tests","Fri Mar 20 04:09:45 UTC 2026","passed","Fri Mar 20 04:09:47 UTC 2026","ua.kpi.sc.test.api.tests.auth.AuthFlowTest","Regression","ua.kpi.sc.test.api.tests.auth.AuthFlowTest","refreshAfterLoginUsesLoginRefreshToken"
"","15","PUT /register returns 405","Regression Tests","Fri Mar 20 04:09:51 UTC 2026","passed","Fri Mar 20 04:09:51 UTC 2026","ua.kpi.sc.test.api.tests.auth.AuthRegisterTest","Regression","ua.kpi.sc.test.api.tests.auth.AuthRegisterTest","registerMethodNotAllowedPut"
"","37","healthEndpointResponseTimeIsAcceptable","Regression Tests","Fri Mar 20 04:09:53 UTC 2026","passed","Fri Mar 20 04:09:53 UTC 2026","ua.kpi.sc.test.api.tests.smoke.HealthCheckTest","Regression","ua.kpi.sc.test.api.tests.smoke.HealthCheckTest","healthEndpointResponseTimeIsAcceptable"
"","17","Reset password with too-long password (73 chars) returns 400","Regression Tests","Fri Mar 20 04:10:14 UTC 2026","passed","Fri Mar 20 04:10:14 UTC 2026","ua.kpi.sc.test.api.tests.auth.AuthResetPasswordTest","Regression","ua.kpi.sc.test.api.tests.auth.AuthResetPasswordTest","resetPasswordWithTooLongPasswordReturns400"
"","1894","GET /me with access_token cookie succeeds","Regression Tests","Fri Mar 20 04:10:05 UTC 2026","passed","Fri Mar 20 04:10:07 UTC 2026","ua.kpi.sc.test.api.tests.auth.AuthMeTest","Regression","ua.kpi.sc.test.api.tests.auth.AuthMeTest","meWithAccessTokenCookieSucceeds"
"","140","Basic user cannot access audit stats — returns 403","Regression Tests","Fri Mar 20 04:09:28 UTC 2026","passed","Fri Mar 20 04:09:28 UTC 2026","ua.kpi.sc.test.api.tests.audit.AuditTest","Regression","ua.kpi.sc.test.api.tests.audit.AuditTest","basicUserCannotAccessStats_returns403"
"","38","Logout without auth returns 401","Regression Tests","Fri Mar 20 04:10:06 UTC 2026","passed","Fri Mar 20 04:10:07 UTC 2026","ua.kpi.sc.test.api.tests.auth.AuthLogoutTest","Regression","ua.kpi.sc.test.api.tests.auth.AuthLogoutTest","logoutWithoutAuthReturns401"
"","584","GET /login returns 405 with ProblemDetail schema","Regression Tests","Fri Mar 20 04:09:30 UTC 2026","passed","Fri Mar 20 04:09:30 UTC 2026","ua.kpi.sc.test.api.tests.auth.AuthLoginTest","Regression","ua.kpi.sc.test.api.tests.auth.AuthLoginTest","login405MatchesProblemDetailSchema"
"","1600","Setup TOTP returns 200 with qrCodeDataUri and manualEntryKey","Regression Tests","Fri Mar 20 04:09:40 UTC 2026","passed","Fri Mar 20 04:09:41 UTC 2026","ua.kpi.sc.test.api.tests.auth.mfa.TotpSetupTest","Regression","ua.kpi.sc.test.api.tests.auth.mfa.TotpSetupTest","setupTotpReturnsQrCodeAndSecret"
"","119","Logout 401 matches ProblemDetail schema","Regression Tests","Fri Mar 20 04:10:03 UTC 2026","passed","Fri Mar 20 04:10:03 UTC 2026","ua.kpi.sc.test.api.tests.auth.AuthLogoutTest","Regression","ua.kpi.sc.test.api.tests.auth.AuthLogoutTest","logoutProblemDetailSchemaOn401"
"","104","GET /users/me returns current user profile","Regression Tests","Fri Mar 20 04:10:04 UTC 2026","passed","Fri Mar 20 04:10:04 UTC 2026","ua.kpi.sc.test.api.tests.user.UserSelfUpdateTest","Regression","ua.kpi.sc.test.api.tests.user.UserSelfUpdateTest","getMeReturns200"
"","1413","Verify setup returns at least 8 recovery codes","Regression Tests","Fri Mar 20 04:09:44 UTC 2026","passed","Fri Mar 20 04:09:45 UTC 2026","ua.kpi.sc.test.api.tests.auth.mfa.TotpSetupTest","Regression","ua.kpi.sc.test.api.tests.auth.mfa.TotpSetupTest","verifySetupReturnsMultipleRecoveryCodes"
"","1422","Logout invalidates refresh token","Regression Tests","Fri Mar 20 04:09:56 UTC 2026","passed","Fri Mar 20 04:09:57 UTC 2026","ua.kpi.sc.test.api.tests.auth.AuthLogoutTest","Regression","ua.kpi.sc.test.api.tests.auth.AuthLogoutTest","logoutInvalidatesRefreshToken"
"","70","GET /refresh 405 matches ProblemDetail schema","Regression Tests","Fri Mar 20 04:09:47 UTC 2026","passed","Fri Mar 20 04:09:47 UTC 2026","ua.kpi.sc.test.api.tests.auth.AuthRefreshTest","Regression","ua.kpi.sc.test.api.tests.auth.AuthRefreshTest","refresh405MatchesProblemDetailSchema"
"","30","GET /register 405 matches ProblemDetail schema","Regression Tests","Fri Mar 20 04:09:50 UTC 2026","passed","Fri Mar 20 04:09:50 UTC 2026","ua.kpi.sc.test.api.tests.auth.AuthRegisterTest","Regression","ua.kpi.sc.test.api.tests.auth.AuthRegisterTest","register405MatchesProblemDetailSchema"
"","89","PUT /forgot-password returns 405","Regression Tests","Fri Mar 20 04:09:33 UTC 2026","passed","Fri Mar 20 04:09:33 UTC 2026","ua.kpi.sc.test.api.tests.auth.AuthForgotPasswordTest","Regression","ua.kpi.sc.test.api.tests.auth.AuthForgotPasswordTest","forgotPasswordMethodNotAllowedPut"
"","29","Create flag with key containing spaces returns 400","Regression Tests","Fri Mar 20 04:10:15 UTC 2026","passed","Fri Mar 20 04:10:15 UTC 2026","ua.kpi.sc.test.api.tests.featureflag.FeatureFlagAdminTest","Regression","ua.kpi.sc.test.api.tests.featureflag.FeatureFlagAdminTest","createFlagWithKeyContainingSpaces_returns400"
"","40","Forgot password with invalid email format returns 400","Regression Tests","Fri Mar 20 04:09:39 UTC 2026","passed","Fri Mar 20 04:09:39 UTC 2026","ua.kpi.sc.test.api.tests.auth.AuthForgotPasswordTest","Regression","ua.kpi.sc.test.api.tests.auth.AuthForgotPasswordTest","forgotPasswordWithInvalidEmailReturns400"
"","623","Short new password returns 400","Regression Tests","Fri Mar 20 04:10:23 UTC 2026","passed","Fri Mar 20 04:10:24 UTC 2026","ua.kpi.sc.test.api.tests.user.UserChangePasswordTest","Regression","ua.kpi.sc.test.api.tests.user.UserChangePasswordTest","shortNewPasswordReturns400"
"","1463","Assign partner level returns 201","Regression Tests","Fri Mar 20 04:10:06 UTC 2026","passed","Fri Mar 20 04:10:08 UTC 2026","ua.kpi.sc.test.api.tests.user.UserAssignPartnerTest","Regression","ua.kpi.sc.test.api.tests.user.UserAssignPartnerTest","assignPartnerLevelReturns201"
"","1134","Notification broadcast returns 403 without 2FA enabled","Regression Tests","Fri Mar 20 04:09:46 UTC 2026","passed","Fri Mar 20 04:09:47 UTC 2026","ua.kpi.sc.test.api.tests.auth.mfa.TotpEnforcementTest","Regression","ua.kpi.sc.test.api.tests.auth.mfa.TotpEnforcementTest","notificationBroadcastBlockedWithout2fa"
"","109","Create flag and verify it appears in evaluation endpoint","Regression Tests","Fri Mar 20 04:10:12 UTC 2026","passed","Fri Mar 20 04:10:12 UTC 2026","ua.kpi.sc.test.api.tests.featureflag.FeatureFlagLifecycleTest","Regression","ua.kpi.sc.test.api.tests.featureflag.FeatureFlagLifecycleTest","createFlagAndVerifyInEvaluationEndpoint"
"","62","DELETE /login returns 405","Regression Tests","Fri Mar 20 04:09:30 UTC 2026","passed","Fri Mar 20 04:09:30 UTC 2026","ua.kpi.sc.test.api.tests.auth.AuthLoginTest","Regression","ua.kpi.sc.test.api.tests.auth.AuthLoginTest","loginMethodNotAllowedDelete"
"","51","Create flag with rollout percentage over 100 returns 400","Regression Tests","Fri Mar 20 04:10:15 UTC 2026","passed","Fri Mar 20 04:10:15 UTC 2026","ua.kpi.sc.test.api.tests.featureflag.FeatureFlagAdminTest","Regression","ua.kpi.sc.test.api.tests.featureflag.FeatureFlagAdminTest","createFlagWithRolloutPercentageOver100_returns400"
"","3143","Disable TOTP with invalid code returns 400 or 401","Regression Tests","Fri Mar 20 04:09:38 UTC 2026","passed","Fri Mar 20 04:09:41 UTC 2026","ua.kpi.sc.test.api.tests.auth.mfa.TotpDisableTest","Regression","ua.kpi.sc.test.api.tests.auth.mfa.TotpDisableTest","disableTotpWithInvalidCodeReturnsError"
"","1241","Feature flag admin endpoints return 403 without 2FA enabled","Regression Tests","Fri Mar 20 04:09:44 UTC 2026","passed","Fri Mar 20 04:09:46 UTC 2026","ua.kpi.sc.test.api.tests.auth.mfa.TotpEnforcementTest","Regression","ua.kpi.sc.test.api.tests.auth.mfa.TotpEnforcementTest","featureFlagAdminBlockedWithout2fa"
"","619","Empty current password returns 400","Regression Tests","Fri Mar 20 04:10:19 UTC 2026","passed","Fri Mar 20 04:10:19 UTC 2026","ua.kpi.sc.test.api.tests.user.UserChangePasswordTest","Regression","ua.kpi.sc.test.api.tests.user.UserChangePasswordTest","emptyCurrentPasswordReturns400"
"","3573","Register -> login -> refresh -> logout -> refresh with old token returns 401","Regression Tests","Fri Mar 20 04:09:30 UTC 2026","passed","Fri Mar 20 04:09:33 UTC 2026","ua.kpi.sc.test.api.tests.auth.AuthFlowTest","Regression","ua.kpi.sc.test.api.tests.auth.AuthFlowTest","fullLoginRefreshLogoutFlow"
"","1177","Login cookies have SameSite=Lax attribute","Regression Tests","Fri Mar 20 04:09:28 UTC 2026","passed","Fri Mar 20 04:09:29 UTC 2026","ua.kpi.sc.test.api.tests.auth.AuthCookieContractTest","Regression","ua.kpi.sc.test.api.tests.auth.AuthCookieContractTest","loginCookiesHaveSameSiteLax"
"","247","Search audit logs by text returns matches","Regression Tests","Fri Mar 20 04:09:34 UTC 2026","passed","Fri Mar 20 04:09:34 UTC 2026","ua.kpi.sc.test.api.tests.audit.AuditTest","Regression","ua.kpi.sc.test.api.tests.audit.AuditTest","searchByText_returnsMatches"
"","1128","GET /me response matches auth-user-response schema","Regression Tests","Fri Mar 20 04:09:52 UTC 2026","passed","Fri Mar 20 04:09:53 UTC 2026","ua.kpi.sc.test.api.tests.auth.AuthMeTest","Regression","ua.kpi.sc.test.api.tests.auth.AuthMeTest","meResponseMatchesSchema"
"","7492","Create user with each tier level succeeds","Regression Tests","Fri Mar 20 04:09:58 UTC 2026","passed","Fri Mar 20 04:10:06 UTC 2026","ua.kpi.sc.test.api.tests.user.UserCreateTest","Regression","ua.kpi.sc.test.api.tests.user.UserCreateTest","createUserWithEachTier"
"","1409","Status without 2FA has null enabledAt","Regression Tests","Fri Mar 20 04:09:38 UTC 2026","passed","Fri Mar 20 04:09:39 UTC 2026","ua.kpi.sc.test.api.tests.auth.mfa.TotpStatusTest","Regression","ua.kpi.sc.test.api.tests.auth.mfa.TotpStatusTest","statusWithout2faHasNullEnabledAt"
"","264","Remove override returns 204","Regression Tests","Fri Mar 20 04:10:17 UTC 2026","passed","Fri Mar 20 04:10:17 UTC 2026","ua.kpi.sc.test.api.tests.featureflag.FeatureFlagAdminTest","Regression","ua.kpi.sc.test.api.tests.featureflag.FeatureFlagAdminTest","removeOverrideReturns204"
"","1660","Assign invalid level returns 400","Regression Tests","Fri Mar 20 04:10:01 UTC 2026","passed","Fri Mar 20 04:10:03 UTC 2026","ua.kpi.sc.test.api.tests.user.UserAssignPartnerTest","Regression","ua.kpi.sc.test.api.tests.user.UserAssignPartnerTest","assignInvalidLevelReturns400"
"","1440","Response timing is similar for existing vs non-existing email","Regression Tests","Fri Mar 20 04:09:38 UTC 2026","passed","Fri Mar 20 04:09:39 UTC 2026","ua.kpi.sc.test.api.tests.auth.AuthForgotPasswordTest","Regression","ua.kpi.sc.test.api.tests.auth.AuthForgotPasswordTest","forgotPasswordTimingSimilarForExistingVsNonExisting"
"","71","PUT /login returns 405","Regression Tests","Fri Mar 20 04:09:30 UTC 2026","passed","Fri Mar 20 04:09:31 UTC 2026","ua.kpi.sc.test.api.tests.auth.AuthLoginTest","Regression","ua.kpi.sc.test.api.tests.auth.AuthLoginTest","loginMethodNotAllowedPut"
"","2758","Login returns different access tokens each time","Regression Tests","Fri Mar 20 04:09:45 UTC 2026","passed","Fri Mar 20 04:09:47 UTC 2026","ua.kpi.sc.test.api.tests.auth.AuthLoginTest","Regression","ua.kpi.sc.test.api.tests.auth.AuthLoginTest","loginReturnsDifferentTokensEachTime"
"","992","Refresh response content type is application/json","Regression Tests","Fri Mar 20 04:09:50 UTC 2026","passed","Fri Mar 20 04:09:51 UTC 2026","ua.kpi.sc.test.api.tests.auth.AuthRefreshTest","Regression","ua.kpi.sc.test.api.tests.auth.AuthRefreshTest","refreshResponseContentTypeIsJson"
"","72","GET /forgot-password returns 405","Regression Tests","Fri Mar 20 04:09:32 UTC 2026","passed","Fri Mar 20 04:09:32 UTC 2026","ua.kpi.sc.test.api.tests.auth.AuthForgotPasswordTest","Regression","ua.kpi.sc.test.api.tests.auth.AuthForgotPasswordTest","forgotPasswordMethodNotAllowedGet"
"","1157","GET /me is idempotent — two calls return identical data","Regression Tests","Fri Mar 20 04:09:46 UTC 2026","passed","Fri Mar 20 04:09:47 UTC 2026","ua.kpi.sc.test.api.tests.auth.AuthMeTest","Regression","ua.kpi.sc.test.api.tests.auth.AuthMeTest","meIdempotent"
"","1078","Logout is idempotent or rejects already-invalidated token","Regression Tests","Fri Mar 20 04:09:54 UTC 2026","passed","Fri Mar 20 04:09:56 UTC 2026","ua.kpi.sc.test.api.tests.auth.AuthLogoutTest","Regression","ua.kpi.sc.test.api.tests.auth.AuthLogoutTest","logoutIdempotent"
"","61","Delete non-existent user returns 404","Regression Tests","Fri Mar 20 04:10:10 UTC 2026","passed","Fri Mar 20 04:10:10 UTC 2026","ua.kpi.sc.test.api.tests.user.UserDeleteTest","Regression","ua.kpi.sc.test.api.tests.user.UserDeleteTest","deleteNonExistentUserReturns404"
"","332","Evaluate single with tier override returns overridden value","Regression Tests","Fri Mar 20 04:10:14 UTC 2026","passed","Fri Mar 20 04:10:14 UTC 2026","ua.kpi.sc.test.api.tests.featureflag.FeatureFlagEvaluationTest","Regression","ua.kpi.sc.test.api.tests.featureflag.FeatureFlagEvaluationTest","evaluateSingleWithTierOverride_returnsOverriddenValue"
"","62","GET /reset-password returns 405","Regression Tests","Fri Mar 20 04:09:59 UTC 2026","passed","Fri Mar 20 04:09:59 UTC 2026","ua.kpi.sc.test.api.tests.auth.AuthResetPasswordTest","Regression","ua.kpi.sc.test.api.tests.auth.AuthResetPasswordTest","resetPasswordMethodNotAllowedGet"
"","3596","Old password fails after reset","Failed suite [Regression Tests]","Fri Mar 20 04:10:38 UTC 2026","passed","Fri Mar 20 04:10:41 UTC 2026","ua.kpi.sc.test.api.tests.auth.AuthResetPasswordTest","Regression(failed)","ua.kpi.sc.test.api.tests.auth.AuthResetPasswordTest","oldPasswordFailsAfterReset"
"","2109","No email sent for unknown user","Regression Tests","Fri Mar 20 04:09:43 UTC 2026","passed","Fri Mar 20 04:09:46 UTC 2026","ua.kpi.sc.test.api.tests.auth.AuthForgotPasswordTest","Regression","ua.kpi.sc.test.api.tests.auth.AuthForgotPasswordTest","noEmailSentForUnknownUser"
"","72","Evaluate non-existent flag returns 404","Regression Tests","Fri Mar 20 04:10:14 UTC 2026","passed","Fri Mar 20 04:10:14 UTC 2026","ua.kpi.sc.test.api.tests.featureflag.FeatureFlagEvaluationTest","Regression","ua.kpi.sc.test.api.tests.featureflag.FeatureFlagEvaluationTest","evaluateNonExistentFlagReturns404"
"","912","Wrong current password returns 400","Regression Tests","Fri Mar 20 04:10:24 UTC 2026","passed","Fri Mar 20 04:10:25 UTC 2026","ua.kpi.sc.test.api.tests.user.UserChangePasswordTest","Regression","ua.kpi.sc.test.api.tests.user.UserChangePasswordTest","wrongCurrentPasswordReturns400"
"","2184","Login returns same firstName and lastName as registered","Regression Tests","Fri Mar 20 04:09:50 UTC 2026","passed","Fri Mar 20 04:09:52 UTC 2026","ua.kpi.sc.test.api.tests.auth.AuthLoginTest","Regression","ua.kpi.sc.test.api.tests.auth.AuthLoginTest","loginReturnsSameFirstAndLastName"
"","80","Register with empty password returns 400","Regression Tests","Fri Mar 20 04:10:12 UTC 2026","passed","Fri Mar 20 04:10:12 UTC 2026","ua.kpi.sc.test.api.tests.auth.AuthRegisterTest","Regression","ua.kpi.sc.test.api.tests.auth.AuthRegisterTest","registerWithEmptyPasswordReturns400"
"","77","Login with invalid email format returns 400","Regression Tests","Fri Mar 20 04:09:59 UTC 2026","passed","Fri Mar 20 04:09:59 UTC 2026","ua.kpi.sc.test.api.tests.auth.AuthLoginTest","Regression","ua.kpi.sc.test.api.tests.auth.AuthLoginTest","loginWithInvalidEmailFormatReturns400"
"","973","Update notification preferences returns 200","Regression Tests","Fri Mar 20 04:10:10 UTC 2026","passed","Fri Mar 20 04:10:11 UTC 2026","ua.kpi.sc.test.api.tests.notification.NotificationPreferencesTest","Regression","ua.kpi.sc.test.api.tests.notification.NotificationPreferencesTest","shouldUpdatePreferences"
"","177","Audit logs empty page returns empty content","Regression Tests","Fri Mar 20 04:09:33 UTC 2026","passed","Fri Mar 20 04:09:33 UTC 2026","ua.kpi.sc.test.api.tests.audit.AuditTest","Regression","ua.kpi.sc.test.api.tests.audit.AuditTest","pagination_emptyPage_returnsEmptyContent"
"","24","Register with XSS in email returns 400","Regression Tests","Fri Mar 20 04:10:18 UTC 2026","passed","Fri Mar 20 04:10:18 UTC 2026","ua.kpi.sc.test.api.tests.auth.AuthRegisterTest","Regression","ua.kpi.sc.test.api.tests.auth.AuthRegisterTest","registerWithXssInEmailReturns400"
"","26","Register with null firstName returns 400","Regression Tests","Fri Mar 20 04:10:15 UTC 2026","passed","Fri Mar 20 04:10:15 UTC 2026","ua.kpi.sc.test.api.tests.auth.AuthRegisterTest","Regression","ua.kpi.sc.test.api.tests.auth.AuthRegisterTest","registerWithNullFirstNameReturns400"
"","539","Add override generates audit entry in centralized audit","Regression Tests","Fri Mar 20 04:10:11 UTC 2026","passed","Fri Mar 20 04:10:12 UTC 2026","ua.kpi.sc.test.api.tests.featureflag.FeatureFlagAdminTest","Regression","ua.kpi.sc.test.api.tests.featureflag.FeatureFlagAdminTest","addOverrideGeneratesAuditEntry"
"","432","Filter audit logs by action returns filtered results","Regression Tests","Fri Mar 20 04:09:31 UTC 2026","passed","Fri Mar 20 04:09:31 UTC 2026","ua.kpi.sc.test.api.tests.audit.AuditTest","Regression","ua.kpi.sc.test.api.tests.audit.AuditTest","filterByAction_returnsFilteredResults"
"","50","Error redirect points to frontend URL","Regression Tests","Fri Mar 20 04:09:48 UTC 2026","passed","Fri Mar 20 04:09:48 UTC 2026","ua.kpi.sc.test.api.tests.auth.AuthGoogleOAuthTest","Regression","ua.kpi.sc.test.api.tests.auth.AuthGoogleOAuthTest","googleOAuthErrorRedirectPointsToFrontend"
"","198","Login with malformed JSON returns 400","Regression Tests","Fri Mar 20 04:09:59 UTC 2026","passed","Fri Mar 20 04:09:59 UTC 2026","ua.kpi.sc.test.api.tests.auth.AuthLoginTest","Regression","ua.kpi.sc.test.api.tests.auth.AuthLoginTest","loginWithMalformedJsonReturns400"
"","1364","Refresh returns same user data as registration","Regression Tests","Fri Mar 20 04:09:53 UTC 2026","passed","Fri Mar 20 04:09:55 UTC 2026","ua.kpi.sc.test.api.tests.auth.AuthRefreshTest","Regression","ua.kpi.sc.test.api.tests.auth.AuthRefreshTest","refreshReturnsSameUserData"
"","49","POST /oauth2/google returns 405","Regression Tests","Fri Mar 20 04:09:48 UTC 2026","passed","Fri Mar 20 04:09:48 UTC 2026","ua.kpi.sc.test.api.tests.auth.AuthGoogleOAuthTest","Regression","ua.kpi.sc.test.api.tests.auth.AuthGoogleOAuthTest","googleOAuthMethodNotAllowedPost"
"","475","Filter notifications by category returns 200","Regression Tests","Fri Mar 20 04:10:11 UTC 2026","passed","Fri Mar 20 04:10:11 UTC 2026","ua.kpi.sc.test.api.tests.notification.NotificationListTest","Regression","ua.kpi.sc.test.api.tests.notification.NotificationListTest","shouldFilterByCategory"
"","8368","Full flow works again after a complete reset cycle","Regression Tests","Fri Mar 20 04:09:30 UTC 2026","passed","Fri Mar 20 04:09:38 UTC 2026","ua.kpi.sc.test.api.tests.auth.AuthPasswordResetFlowTest","Regression","ua.kpi.sc.test.api.tests.auth.AuthPasswordResetFlowTest","fullFlowWorksAgainAfterCompleteCycle"
"","21","GET /register returns 405","Regression Tests","Fri Mar 20 04:09:51 UTC 2026","passed","Fri Mar 20 04:09:51 UTC 2026","ua.kpi.sc.test.api.tests.auth.AuthRegisterTest","Regression","ua.kpi.sc.test.api.tests.auth.AuthRegisterTest","registerMethodNotAllowedGet"
"","33","Login with empty body returns 400","Regression Tests","Fri Mar 20 04:09:56 UTC 2026","passed","Fri Mar 20 04:09:56 UTC 2026","ua.kpi.sc.test.api.tests.auth.AuthLoginTest","Regression","ua.kpi.sc.test.api.tests.auth.AuthLoginTest","loginWithEmptyBodyReturns400"
"","62","Logout with expired JWT returns 401","Regression Tests","Fri Mar 20 04:10:06 UTC 2026","passed","Fri Mar 20 04:10:06 UTC 2026","ua.kpi.sc.test.api.tests.auth.AuthLogoutTest","Regression","ua.kpi.sc.test.api.tests.auth.AuthLogoutTest","logoutWithExpiredTokenReturns401"
"","1416","Register with CJK name succeeds","Regression Tests","Fri Mar 20 04:10:09 UTC 2026","passed","Fri Mar 20 04:10:11 UTC 2026","ua.kpi.sc.test.api.tests.auth.AuthRegisterTest","Regression","ua.kpi.sc.test.api.tests.auth.AuthRegisterTest","registerWithCjkNameSucceeds"
"","26","Refresh with invalid token returns 401","Regression Tests","Fri Mar 20 04:09:49 UTC 2026","passed","Fri Mar 20 04:09:49 UTC 2026","ua.kpi.sc.test.api.tests.auth.AuthRefreshTest","Regression","ua.kpi.sc.test.api.tests.auth.AuthRefreshTest","refreshInvalidTokenReturns401"
"","2094","Full cycle: register -> login -> getMe -> logout -> getMe returns 200 or 401","Regression Tests","Fri Mar 20 04:09:51 UTC 2026","passed","Fri Mar 20 04:09:53 UTC 2026","ua.kpi.sc.test.api.tests.auth.AuthFlowTest","Regression","ua.kpi.sc.test.api.tests.auth.AuthFlowTest","registerLoginMeLogoutFullCycle"
"","77","List users returns paginated response","Regression Tests","Fri Mar 20 04:10:09 UTC 2026","passed","Fri Mar 20 04:10:10 UTC 2026","ua.kpi.sc.test.api.tests.user.UserTest","Regression","ua.kpi.sc.test.api.tests.user.UserTest","listUsersReturnsPaginatedResponse"
"","42","Assign to non-existent user returns 404","Regression Tests","Fri Mar 20 04:10:09 UTC 2026","passed","Fri Mar 20 04:10:09 UTC 2026","ua.kpi.sc.test.api.tests.user.UserAssignPartnerTest","Regression","ua.kpi.sc.test.api.tests.user.UserAssignPartnerTest","assignToNonExistentUserReturns404"
"","808","Refresh cookies have SameSite=Lax attribute","Regression Tests","Fri Mar 20 04:09:37 UTC 2026","passed","Fri Mar 20 04:09:38 UTC 2026","ua.kpi.sc.test.api.tests.auth.AuthCookieContractTest","Regression","ua.kpi.sc.test.api.tests.auth.AuthCookieContractTest","refreshCookiesHaveSameSiteLax"
"","368","Create flag with all fields and verify persistence","Regression Tests","Fri Mar 20 04:10:12 UTC 2026","passed","Fri Mar 20 04:10:13 UTC 2026","ua.kpi.sc.test.api.tests.featureflag.FeatureFlagLifecycleTest","Regression","ua.kpi.sc.test.api.tests.featureflag.FeatureFlagLifecycleTest","createFlagWithAllFieldsAndVerifyPersistence"
"","156","Create flag with duplicate key returns 409","Regression Tests","Fri Mar 20 04:10:15 UTC 2026","passed","Fri Mar 20 04:10:15 UTC 2026","ua.kpi.sc.test.api.tests.featureflag.FeatureFlagAdminTest","Regression","ua.kpi.sc.test.api.tests.featureflag.FeatureFlagAdminTest","createFlagDuplicateKeyReturns409"
"","1875","Regenerate recovery codes with invalid TOTP code returns 400 or 401","Regression Tests","Fri Mar 20 04:09:40 UTC 2026","passed","Fri Mar 20 04:09:41 UTC 2026","ua.kpi.sc.test.api.tests.auth.mfa.TotpRecoveryCodesTest","Regression","ua.kpi.sc.test.api.tests.auth.mfa.TotpRecoveryCodesTest","regenerateWithInvalidCodeReturnsError"
"","1673","Setup TOTP returns manualEntryKey that is a valid Base32 string","Regression Tests","Fri Mar 20 04:09:36 UTC 2026","passed","Fri Mar 20 04:09:38 UTC 2026","ua.kpi.sc.test.api.tests.auth.mfa.TotpSetupTest","Regression","ua.kpi.sc.test.api.tests.auth.mfa.TotpSetupTest","setupTotpManualEntryKeyIsBase32"
"","1533","Refresh cookies have Path=/","Regression Tests","Fri Mar 20 04:09:35 UTC 2026","passed","Fri Mar 20 04:09:37 UTC 2026","ua.kpi.sc.test.api.tests.auth.AuthCookieContractTest","Regression","ua.kpi.sc.test.api.tests.auth.AuthCookieContractTest","refreshCookiesHavePathSlash"
"","975","Verify setup with non-numeric code returns 400","Regression Tests","Fri Mar 20 04:09:48 UTC 2026","passed","Fri Mar 20 04:09:49 UTC 2026","ua.kpi.sc.test.api.tests.auth.mfa.TotpSetupTest","Regression","ua.kpi.sc.test.api.tests.auth.mfa.TotpSetupTest","verifySetupWithNonNumericCodeReturns400"
"","410","Filter audit logs by entity type returns filtered results","Regression Tests","Fri Mar 20 04:09:32 UTC 2026","passed","Fri Mar 20 04:09:32 UTC 2026","ua.kpi.sc.test.api.tests.audit.AuditTest","Regression","ua.kpi.sc.test.api.tests.audit.AuditTest","filterByEntityType_returnsFilteredResults"
"","174","Created flag appears in list","Regression Tests","Fri Mar 20 04:10:16 UTC 2026","passed","Fri Mar 20 04:10:16 UTC 2026","ua.kpi.sc.test.api.tests.featureflag.FeatureFlagAdminTest","Regression","ua.kpi.sc.test.api.tests.featureflag.FeatureFlagAdminTest","createdFlagAppearsInList"
"","1785","GET /auth/me returns current user profile with all key fields","Regression Tests","Fri Mar 20 04:09:57 UTC 2026","passed","Fri Mar 20 04:09:58 UTC 2026","ua.kpi.sc.test.api.tests.auth.AuthMeTest","Regression","ua.kpi.sc.test.api.tests.auth.AuthMeTest","meReturnsProfile"
"","141","Admin can create a global scope rule","Regression Tests","Fri Mar 20 04:09:53 UTC 2026","passed","Fri Mar 20 04:09:53 UTC 2026","ua.kpi.sc.test.api.tests.ratelimit.RateLimitAdminTest","Regression","ua.kpi.sc.test.api.tests.ratelimit.RateLimitAdminTest","createRule_globalScope_returns201"
"","266","Get audit stats returns 200 with expected shape","Regression Tests","Fri Mar 20 04:09:33 UTC 2026","passed","Fri Mar 20 04:09:33 UTC 2026","ua.kpi.sc.test.api.tests.audit.AuditTest","Regression","ua.kpi.sc.test.api.tests.audit.AuditTest","getStats_returns200_withExpectedShape"
"","35","Reset password with null token returns 400","Regression Tests","Fri Mar 20 04:10:09 UTC 2026","passed","Fri Mar 20 04:10:09 UTC 2026","ua.kpi.sc.test.api.tests.auth.AuthResetPasswordTest","Regression","ua.kpi.sc.test.api.tests.auth.AuthResetPasswordTest","resetPasswordWithNullTokenReturns400"
"","2417","Refresh tokens are user-specific and return correct user data","Regression Tests","Fri Mar 20 04:09:47 UTC 2026","passed","Fri Mar 20 04:09:49 UTC 2026","ua.kpi.sc.test.api.tests.auth.AuthRefreshTest","Regression","ua.kpi.sc.test.api.tests.auth.AuthRefreshTest","refreshFromDifferentUserTokenFails"
"","18","Register with null body returns 400","Regression Tests","Fri Mar 20 04:10:15 UTC 2026","passed","Fri Mar 20 04:10:15 UTC 2026","ua.kpi.sc.test.api.tests.auth.AuthRegisterTest","Regression","ua.kpi.sc.test.api.tests.auth.AuthRegisterTest","registerWithNullBodyReturns400"
"","223","Admin can broadcast a notification — returns 200","Regression Tests","Fri Mar 20 04:10:10 UTC 2026","passed","Fri Mar 20 04:10:10 UTC 2026","ua.kpi.sc.test.api.tests.notification.NotificationBroadcastTest","Regression","ua.kpi.sc.test.api.tests.notification.NotificationBroadcastTest","shouldBroadcast"
"","90","Update self with blank name returns 400","Regression Tests","Fri Mar 20 04:10:04 UTC 2026","passed","Fri Mar 20 04:10:04 UTC 2026","ua.kpi.sc.test.api.tests.user.UserSelfUpdateTest","Regression","ua.kpi.sc.test.api.tests.user.UserSelfUpdateTest","updateSelfBlankNameReturns400"
"","23","Basic user cannot create flag — returns 403","Regression Tests","Fri Mar 20 04:10:14 UTC 2026","passed","Fri Mar 20 04:10:14 UTC 2026","ua.kpi.sc.test.api.tests.featureflag.FeatureFlagAdminTest","Regression","ua.kpi.sc.test.api.tests.featureflag.FeatureFlagAdminTest","basicUserCannotCreateFlag_returns403"
"","2432","Get 2FA status after enabling TOTP returns enabled=true","Regression Tests","Fri Mar 20 04:09:32 UTC 2026","passed","Fri Mar 20 04:09:34 UTC 2026","ua.kpi.sc.test.api.tests.auth.mfa.TotpStatusTest","Regression","ua.kpi.sc.test.api.tests.auth.mfa.TotpStatusTest","statusAfterEnabling2faReturnsEnabled"
"","2749","Reset invalidates existing access tokens (stateless JWT behavior)","Regression Tests","Fri Mar 20 04:09:43 UTC 2026","passed","Fri Mar 20 04:09:46 UTC 2026","ua.kpi.sc.test.api.tests.auth.AuthPasswordResetFlowTest","Regression","ua.kpi.sc.test.api.tests.auth.AuthPasswordResetFlowTest","resetInvalidatesExistingAccessTokensOrNot"
"","1523","Create user returns 201 with correct fields","Regression Tests","Fri Mar 20 04:09:57 UTC 2026","passed","Fri Mar 20 04:09:58 UTC 2026","ua.kpi.sc.test.api.tests.user.UserCreateTest","Regression","ua.kpi.sc.test.api.tests.user.UserCreateTest","createUserReturns201"
"","287","swaggerUiIsAccessible","Regression Tests","Fri Mar 20 04:09:57 UTC 2026","passed","Fri Mar 20 04:09:57 UTC 2026","ua.kpi.sc.test.api.tests.smoke.SwaggerAvailabilityTest","Regression","ua.kpi.sc.test.api.tests.smoke.SwaggerAvailabilityTest","swaggerUiIsAccessible"
"","1664","PUT /logout returns 405","Regression Tests","Fri Mar 20 04:10:02 UTC 2026","passed","Fri Mar 20 04:10:03 UTC 2026","ua.kpi.sc.test.api.tests.auth.AuthLogoutTest","Regression","ua.kpi.sc.test.api.tests.auth.AuthLogoutTest","logoutMethodNotAllowedPut"
"","713","Logout clears session and returns 200","Regression Tests","Fri Mar 20 04:09:53 UTC 2026","passed","Fri Mar 20 04:09:54 UTC 2026","ua.kpi.sc.test.api.tests.auth.AuthLogoutTest","Regression","ua.kpi.sc.test.api.tests.auth.AuthLogoutTest","logoutClearsSession"
"","1556","Forgot password sends email to MailPit for registered user","Regression Tests","Fri Mar 20 04:09:36 UTC 2026","passed","Fri Mar 20 04:09:38 UTC 2026","ua.kpi.sc.test.api.tests.auth.AuthForgotPasswordTest","Regression","ua.kpi.sc.test.api.tests.auth.AuthForgotPasswordTest","forgotPasswordSendsEmailToMailpit"
"","1265","Refresh then getMe with new access token returns 200 and correct email","Regression Tests","Fri Mar 20 04:09:47 UTC 2026","passed","Fri Mar 20 04:09:48 UTC 2026","ua.kpi.sc.test.api.tests.auth.AuthFlowTest","Regression","ua.kpi.sc.test.api.tests.auth.AuthFlowTest","refreshThenGetMeWithNewAccessToken"
"","28","Setup TOTP without auth returns 401","Regression Tests","Fri Mar 20 04:09:44 UTC 2026","passed","Fri Mar 20 04:09:44 UTC 2026","ua.kpi.sc.test.api.tests.auth.mfa.TotpSetupTest","Regression","ua.kpi.sc.test.api.tests.auth.mfa.TotpSetupTest","setupTotpWithoutAuthReturns401"
"","963","Register cookies have Secure flag matching transport protocol","Regression Tests","Fri Mar 20 04:09:42 UTC 2026","passed","Fri Mar 20 04:09:43 UTC 2026","ua.kpi.sc.test.api.tests.auth.AuthCookieContractTest","Regression","ua.kpi.sc.test.api.tests.auth.AuthCookieContractTest","registerCookiesHaveSecureFlag"
"","534","Feature flag audit pagination works via centralized audit","Regression Tests","Fri Mar 20 04:10:13 UTC 2026","passed","Fri Mar 20 04:10:14 UTC 2026","ua.kpi.sc.test.api.tests.featureflag.FeatureFlagAdminTest","Regression","ua.kpi.sc.test.api.tests.featureflag.FeatureFlagAdminTest","auditLogPaginationWorksCorrectly"
"","1047","Logout clears refresh_token cookie specifically with Max-Age=0","Regression Tests","Fri Mar 20 04:09:52 UTC 2026","passed","Fri Mar 20 04:09:53 UTC 2026","ua.kpi.sc.test.api.tests.auth.AuthLogoutTest","Regression","ua.kpi.sc.test.api.tests.auth.AuthLogoutTest","logoutClearsRefreshTokenCookieSpecifically"
"","1197","Disable TOTP when not enabled returns 400 or 404","Regression Tests","Fri Mar 20 04:09:37 UTC 2026","passed","Fri Mar 20 04:09:38 UTC 2026","ua.kpi.sc.test.api.tests.auth.mfa.TotpDisableTest","Regression","ua.kpi.sc.test.api.tests.auth.mfa.TotpDisableTest","disableTotpWhenNotEnabledReturnsError"
"","624","PUT /me/password returns 405","Regression Tests","Fri Mar 20 04:10:22 UTC 2026","passed","Fri Mar 20 04:10:23 UTC 2026","ua.kpi.sc.test.api.tests.user.UserChangePasswordTest","Regression","ua.kpi.sc.test.api.tests.user.UserChangePasswordTest","putMethodNotAllowed"
"","66","Create flag with blank name returns 400","Regression Tests","Fri Mar 20 04:10:14 UTC 2026","passed","Fri Mar 20 04:10:15 UTC 2026","ua.kpi.sc.test.api.tests.featureflag.FeatureFlagAdminTest","Regression","ua.kpi.sc.test.api.tests.featureflag.FeatureFlagAdminTest","createFlagBlankNameReturns400"
"","101","Get notifications returns 200 with list response","Regression Tests","Fri Mar 20 04:10:12 UTC 2026","passed","Fri Mar 20 04:10:12 UTC 2026","ua.kpi.sc.test.api.tests.notification.NotificationListTest","Regression","ua.kpi.sc.test.api.tests.notification.NotificationListTest","shouldListNotifications"
"","56","Refresh 401 matches ProblemDetail schema","Regression Tests","Fri Mar 20 04:09:50 UTC 2026","passed","Fri Mar 20 04:09:50 UTC 2026","ua.kpi.sc.test.api.tests.auth.AuthRefreshTest","Regression","ua.kpi.sc.test.api.tests.auth.AuthRefreshTest","refreshProblemDetailSchemaOn401"
"","28","PATCH /oauth2/google returns 405","Regression Tests","Fri Mar 20 04:09:48 UTC 2026","passed","Fri Mar 20 04:09:48 UTC 2026","ua.kpi.sc.test.api.tests.auth.AuthGoogleOAuthTest","Regression","ua.kpi.sc.test.api.tests.auth.AuthGoogleOAuthTest","googleOAuthMethodNotAllowedPatch"
"","1424","Forgot password returns 204 for registered email","Regression Tests","Fri Mar 20 04:09:35 UTC 2026","passed","Fri Mar 20 04:09:36 UTC 2026","ua.kpi.sc.test.api.tests.auth.AuthForgotPasswordTest","Regression","ua.kpi.sc.test.api.tests.auth.AuthForgotPasswordTest","forgotPasswordReturns204ForRegisteredEmail"
"","2100","Disable TOTP with valid password and code returns 204","Regression Tests","Fri Mar 20 04:09:41 UTC 2026","passed","Fri Mar 20 04:09:43 UTC 2026","ua.kpi.sc.test.api.tests.auth.mfa.TotpDisableTest","Regression","ua.kpi.sc.test.api.tests.auth.mfa.TotpDisableTest","disableTotpWithValidCredentials"
"","1460","PATCH /users/{id} with only firstName still updates successfully","Regression Tests","Fri Mar 20 04:10:07 UTC 2026","passed","Fri Mar 20 04:10:09 UTC 2026","ua.kpi.sc.test.api.tests.user.UserUpdateProfileTest","Regression","ua.kpi.sc.test.api.tests.user.UserUpdateProfileTest","updateOnlyFirstName"
"","2166","Login sets HttpOnly cookies","Regression Tests","Fri Mar 20 04:09:54 UTC 2026","passed","Fri Mar 20 04:09:56 UTC 2026","ua.kpi.sc.test.api.tests.auth.AuthLoginTest","Regression","ua.kpi.sc.test.api.tests.auth.AuthLoginTest","loginSetsHttpOnlyCookies"
"","375","Evaluate unauthenticated returns global defaults only","Regression Tests","Fri Mar 20 04:10:13 UTC 2026","passed","Fri Mar 20 04:10:13 UTC 2026","ua.kpi.sc.test.api.tests.featureflag.FeatureFlagEvaluationTest","Regression","ua.kpi.sc.test.api.tests.featureflag.FeatureFlagEvaluationTest","evaluateAllUnauthenticated_returnsGlobalDefaults"
"","4740","Change password returns 204","Regression Tests","Fri Mar 20 04:10:11 UTC 2026","passed","Fri Mar 20 04:10:16 UTC 2026","ua.kpi.sc.test.api.tests.user.UserChangePasswordTest","Regression","ua.kpi.sc.test.api.tests.user.UserChangePasswordTest","changePasswordReturns204"
"","99","Login 401 matches ProblemDetail schema","Regression Tests","Fri Mar 20 04:09:36 UTC 2026","passed","Fri Mar 20 04:09:36 UTC 2026","ua.kpi.sc.test.api.tests.auth.AuthLoginTest","Regression","ua.kpi.sc.test.api.tests.auth.AuthLoginTest","loginProblemDetailSchemaOn401"
"","2655","Login cookies have Secure flag matching transport protocol","Regression Tests","Fri Mar 20 04:09:29 UTC 2026","passed","Fri Mar 20 04:09:32 UTC 2026","ua.kpi.sc.test.api.tests.auth.AuthCookieContractTest","Regression","ua.kpi.sc.test.api.tests.auth.AuthCookieContractTest","loginCookiesHaveSecureFlag"
"","342","Filter audit logs by date range returns filtered results","Regression Tests","Fri Mar 20 04:09:31 UTC 2026","passed","Fri Mar 20 04:09:32 UTC 2026","ua.kpi.sc.test.api.tests.audit.AuditTest","Regression","ua.kpi.sc.test.api.tests.audit.AuditTest","filterByDateRange_returnsFilteredResults"
"","1450","Register returns a valid UUID as id","Regression Tests","Fri Mar 20 04:10:03 UTC 2026","passed","Fri Mar 20 04:10:04 UTC 2026","ua.kpi.sc.test.api.tests.auth.AuthRegisterTest","Regression","ua.kpi.sc.test.api.tests.auth.AuthRegisterTest","registerReturnsValidUuid"
"","1888","PATCH /users/{id} with empty body returns 400","Regression Tests","Fri Mar 20 04:10:12 UTC 2026","passed","Fri Mar 20 04:10:14 UTC 2026","ua.kpi.sc.test.api.tests.user.UserUpdateProfileTest","Regression","ua.kpi.sc.test.api.tests.user.UserUpdateProfileTest","updateWithEmptyBodyReturns400"
"","2595","Disable TOTP with wrong password returns 401 or 403","Regression Tests","Fri Mar 20 04:09:43 UTC 2026","passed","Fri Mar 20 04:09:46 UTC 2026","ua.kpi.sc.test.api.tests.auth.mfa.TotpDisableTest","Regression","ua.kpi.sc.test.api.tests.auth.mfa.TotpDisableTest","disableTotpWithWrongPasswordReturnsError"
"","1572","Combined search and filter returns results","Regression Tests","Fri Mar 20 04:10:05 UTC 2026","passed","Fri Mar 20 04:10:06 UTC 2026","ua.kpi.sc.test.api.tests.user.UserSearchFilterTest","Regression","ua.kpi.sc.test.api.tests.user.UserSearchFilterTest","combinedSearchAndFilter"
"","941","Double refresh with new token succeeds","Regression Tests","Fri Mar 20 04:09:46 UTC 2026","passed","Fri Mar 20 04:09:47 UTC 2026","ua.kpi.sc.test.api.tests.auth.AuthRefreshTest","Regression","ua.kpi.sc.test.api.tests.auth.AuthRefreshTest","doubleRefreshWithNewTokenSucceeds"
"","1109","Refresh returns capabilityTier >= 0","Regression Tests","Fri Mar 20 04:09:52 UTC 2026","passed","Fri Mar 20 04:09:53 UTC 2026","ua.kpi.sc.test.api.tests.auth.AuthRefreshTest","Regression","ua.kpi.sc.test.api.tests.auth.AuthRefreshTest","refreshReturnsCapabilityTier"
"","1696","Delete user returns 204","Regression Tests","Fri Mar 20 04:10:10 UTC 2026","passed","Fri Mar 20 04:10:11 UTC 2026","ua.kpi.sc.test.api.tests.user.UserDeleteTest","Regression","ua.kpi.sc.test.api.tests.user.UserDeleteTest","deleteUserReturns204"
"","35","Refresh with empty cookie returns 401","Regression Tests","Fri Mar 20 04:10:06 UTC 2026","passed","Fri Mar 20 04:10:06 UTC 2026","ua.kpi.sc.test.api.tests.auth.AuthRefreshTest","Regression","ua.kpi.sc.test.api.tests.auth.AuthRefreshTest","refreshWithEmptyCookieReturns401"
"","330","Evaluate all returns correct boolean values","Regression Tests","Fri Mar 20 04:10:12 UTC 2026","passed","Fri Mar 20 04:10:13 UTC 2026","ua.kpi.sc.test.api.tests.featureflag.FeatureFlagEvaluationTest","Regression","ua.kpi.sc.test.api.tests.featureflag.FeatureFlagEvaluationTest","evaluateAllReturnsCorrectBooleanValues"
"","752","Bulk toggle multiple flags and verify all","Regression Tests","Fri Mar 20 04:10:12 UTC 2026","passed","Fri Mar 20 04:10:12 UTC 2026","ua.kpi.sc.test.api.tests.featureflag.FeatureFlagLifecycleTest","Regression","ua.kpi.sc.test.api.tests.featureflag.FeatureFlagLifecycleTest","bulkToggleMultipleFlagsAndVerifyAll"
"","24","Register with XSS in name fields is rejected with 400","Regression Tests","Fri Mar 20 04:10:18 UTC 2026","passed","Fri Mar 20 04:10:18 UTC 2026","ua.kpi.sc.test.api.tests.auth.AuthRegisterTest","Regression","ua.kpi.sc.test.api.tests.auth.AuthRegisterTest","registerWithXssInNameFields"
"","1322","Register returns the same names in response","Regression Tests","Fri Mar 20 04:10:02 UTC 2026","passed","Fri Mar 20 04:10:03 UTC 2026","ua.kpi.sc.test.api.tests.auth.AuthRegisterTest","Regression","ua.kpi.sc.test.api.tests.auth.AuthRegisterTest","registerReturnsSameNamesInResponse"
"","1997","Register returns capabilityTier >= 0","Regression Tests","Fri Mar 20 04:09:58 UTC 2026","passed","Fri Mar 20 04:10:00 UTC 2026","ua.kpi.sc.test.api.tests.auth.AuthRegisterTest","Regression","ua.kpi.sc.test.api.tests.auth.AuthRegisterTest","registerReturnsCapabilityTier"
"","1389","GET /me returns all required fields non-null","Regression Tests","Fri Mar 20 04:09:53 UTC 2026","passed","Fri Mar 20 04:09:55 UTC 2026","ua.kpi.sc.test.api.tests.auth.AuthMeTest","Regression","ua.kpi.sc.test.api.tests.auth.AuthMeTest","meReturnsAllRequiredFields"
"","111","Register with empty JSON object returns 400","Regression Tests","Fri Mar 20 04:10:12 UTC 2026","passed","Fri Mar 20 04:10:12 UTC 2026","ua.kpi.sc.test.api.tests.auth.AuthRegisterTest","Regression","ua.kpi.sc.test.api.tests.auth.AuthRegisterTest","registerWithEmptyJsonObjectReturns400"
"","15","Change password without auth returns 401","Regression Tests","Fri Mar 20 04:10:24 UTC 2026","passed","Fri Mar 20 04:10:24 UTC 2026","ua.kpi.sc.test.api.tests.user.UserChangePasswordTest","Regression","ua.kpi.sc.test.api.tests.user.UserChangePasswordTest","withoutAuthReturns401"
"","1634","Register returns the same email in response","Regression Tests","Fri Mar 20 04:10:00 UTC 2026","passed","Fri Mar 20 04:10:02 UTC 2026","ua.kpi.sc.test.api.tests.auth.AuthRegisterTest","Regression","ua.kpi.sc.test.api.tests.auth.AuthRegisterTest","registerReturnsSameEmailInResponse"
"","1460","GET /me returns a valid UUID as id","Regression Tests","Fri Mar 20 04:10:03 UTC 2026","passed","Fri Mar 20 04:10:05 UTC 2026","ua.kpi.sc.test.api.tests.auth.AuthMeTest","Regression","ua.kpi.sc.test.api.tests.auth.AuthMeTest","meReturnsValidUuid"
"","36","Register validation errors contain all invalid fields","Regression Tests","Fri Mar 20 04:10:06 UTC 2026","passed","Fri Mar 20 04:10:06 UTC 2026","ua.kpi.sc.test.api.tests.auth.AuthRegisterTest","Regression","ua.kpi.sc.test.api.tests.auth.AuthRegisterTest","registerValidationErrorsContainAllInvalidFields"
"","622","Empty new password returns 400","Regression Tests","Fri Mar 20 04:10:19 UTC 2026","passed","Fri Mar 20 04:10:20 UTC 2026","ua.kpi.sc.test.api.tests.user.UserChangePasswordTest","Regression","ua.kpi.sc.test.api.tests.user.UserChangePasswordTest","emptyNewPasswordReturns400"
"","2190","Setup + verify TOTP returns 200 with recovery codes","Regression Tests","Fri Mar 20 04:09:34 UTC 2026","passed","Fri Mar 20 04:09:36 UTC 2026","ua.kpi.sc.test.api.tests.auth.mfa.TotpSetupTest","Regression","ua.kpi.sc.test.api.tests.auth.mfa.TotpSetupTest","setupAndVerifyTotpReturnsRecoveryCodes"
"","27","Register with short password returns 400","Regression Tests","Fri Mar 20 04:10:16 UTC 2026","passed","Fri Mar 20 04:10:16 UTC 2026","ua.kpi.sc.test.api.tests.auth.AuthRegisterTest","Regression","ua.kpi.sc.test.api.tests.auth.AuthRegisterTest","registerWithShortPasswordReturns400"
"","37","DELETE /register returns 405","Regression Tests","Fri Mar 20 04:09:51 UTC 2026","passed","Fri Mar 20 04:09:51 UTC 2026","ua.kpi.sc.test.api.tests.auth.AuthRegisterTest","Regression","ua.kpi.sc.test.api.tests.auth.AuthRegisterTest","registerMethodNotAllowedDelete"
"","426","Audit event response matches expected schema","Regression Tests","Fri Mar 20 04:09:34 UTC 2026","passed","Fri Mar 20 04:09:34 UTC 2026","ua.kpi.sc.test.api.tests.audit.AuditTest","Regression","ua.kpi.sc.test.api.tests.audit.AuditTest","responseMatchesAuditEventSchema"
"","2081","No email sent for OAuth-only account","Regression Tests","Fri Mar 20 04:09:41 UTC 2026","passed","Fri Mar 20 04:09:43 UTC 2026","ua.kpi.sc.test.api.tests.auth.AuthForgotPasswordTest","Regression","ua.kpi.sc.test.api.tests.auth.AuthForgotPasswordTest","noEmailSentForOAuthOnlyAccount"
"","116","Login with empty JSON object returns 400","Regression Tests","Fri Mar 20 04:09:56 UTC 2026","passed","Fri Mar 20 04:09:56 UTC 2026","ua.kpi.sc.test.api.tests.auth.AuthLoginTest","Regression","ua.kpi.sc.test.api.tests.auth.AuthLoginTest","loginWithEmptyJsonObjectReturns400"
"","2062","Verified TOTP login reflects twoFactorEnabled in /auth/me","Regression Tests","Fri Mar 20 04:09:51 UTC 2026","passed","Fri Mar 20 04:09:53 UTC 2026","ua.kpi.sc.test.api.tests.auth.mfa.TotpEnforcementTest","Regression","ua.kpi.sc.test.api.tests.auth.mfa.TotpEnforcementTest","verifiedLoginReflects2faEnabled"
"","5812","Register user A and user B -> getMe returns different ids and emails","Regression Tests","Fri Mar 20 04:09:24 UTC 2026","passed","Fri Mar 20 04:09:30 UTC 2026","ua.kpi.sc.test.api.tests.auth.AuthFlowTest","Regression","ua.kpi.sc.test.api.tests.auth.AuthFlowTest","concurrentRegistrationsDifferentUsers"
"","64","Reset password with short password (7 chars) returns 400","Regression Tests","Fri Mar 20 04:10:14 UTC 2026","passed","Fri Mar 20 04:10:14 UTC 2026","ua.kpi.sc.test.api.tests.auth.AuthResetPasswordTest","Regression","ua.kpi.sc.test.api.tests.auth.AuthResetPasswordTest","resetPasswordWithShortPasswordReturns400"
"","626","73-char new password returns 400","Regression Tests","Fri Mar 20 04:10:24 UTC 2026","passed","Fri Mar 20 04:10:24 UTC 2026","ua.kpi.sc.test.api.tests.user.UserChangePasswordTest","Regression","ua.kpi.sc.test.api.tests.user.UserChangePasswordTest","tooLongNewPasswordReturns400"
"","788","PATCH /me returns 405","Regression Tests","Fri Mar 20 04:09:48 UTC 2026","passed","Fri Mar 20 04:09:49 UTC 2026","ua.kpi.sc.test.api.tests.auth.AuthMeTest","Regression","ua.kpi.sc.test.api.tests.auth.AuthMeTest","meMethodNotAllowedPatch"
"","1016","Logout returns empty or no body","Regression Tests","Fri Mar 20 04:10:03 UTC 2026","passed","Fri Mar 20 04:10:04 UTC 2026","ua.kpi.sc.test.api.tests.auth.AuthLogoutTest","Regression","ua.kpi.sc.test.api.tests.auth.AuthLogoutTest","logoutReturnsEmptyOrNoBody"
"","2624","Reset password invalidates all refresh tokens","Regression Tests","Fri Mar 20 04:09:56 UTC 2026","passed","Fri Mar 20 04:09:59 UTC 2026","ua.kpi.sc.test.api.tests.auth.AuthResetPasswordTest","Regression","ua.kpi.sc.test.api.tests.auth.AuthResetPasswordTest","resetPasswordInvalidatesRefreshTokens"
"","22","Register with null password returns 400","Regression Tests","Fri Mar 20 04:10:15 UTC 2026","passed","Fri Mar 20 04:10:15 UTC 2026","ua.kpi.sc.test.api.tests.auth.AuthRegisterTest","Regression","ua.kpi.sc.test.api.tests.auth.AuthRegisterTest","registerWithNullPasswordReturns400"
"","97","Evaluate all flags returns map (authenticated)","Regression Tests","Fri Mar 20 04:10:12 UTC 2026","passed","Fri Mar 20 04:10:12 UTC 2026","ua.kpi.sc.test.api.tests.featureflag.FeatureFlagEvaluationTest","Regression","ua.kpi.sc.test.api.tests.featureflag.FeatureFlagEvaluationTest","evaluateAllAuthenticatedReturnsMap"
"","26","Reset password 400 matches ProblemDetail schema","Regression Tests","Fri Mar 20 04:09:56 UTC 2026","passed","Fri Mar 20 04:09:56 UTC 2026","ua.kpi.sc.test.api.tests.auth.AuthResetPasswordTest","Regression","ua.kpi.sc.test.api.tests.auth.AuthResetPasswordTest","resetPassword400MatchesProblemDetailSchema"
"","2207","Search users by name returns results","Regression Tests","Fri Mar 20 04:10:11 UTC 2026","passed","Fri Mar 20 04:10:13 UTC 2026","ua.kpi.sc.test.api.tests.user.UserSearchFilterTest","Regression","ua.kpi.sc.test.api.tests.user.UserSearchFilterTest","searchUsersByNameReturnsResults"
"","1430","PATCH /users/{id}/tier accepts each tier level 0-5","Regression Tests","Fri Mar 20 04:10:07 UTC 2026","passed","Fri Mar 20 04:10:08 UTC 2026","ua.kpi.sc.test.api.tests.user.UserUpdateTierTest","Regression","ua.kpi.sc.test.api.tests.user.UserUpdateTierTest","updateTierToEachLevel"
"","72","Register with very long name returns 400","Regression Tests","Fri Mar 20 04:10:18 UTC 2026","passed","Fri Mar 20 04:10:18 UTC 2026","ua.kpi.sc.test.api.tests.auth.AuthRegisterTest","Regression","ua.kpi.sc.test.api.tests.auth.AuthRegisterTest","registerWithVeryLongNameReturns400"
"","462","Evaluate all with tier override returns overridden value","Regression Tests","Fri Mar 20 04:10:13 UTC 2026","passed","Fri Mar 20 04:10:14 UTC 2026","ua.kpi.sc.test.api.tests.featureflag.FeatureFlagEvaluationTest","Regression","ua.kpi.sc.test.api.tests.featureflag.FeatureFlagEvaluationTest","evaluateAllWithTierOverride_returnsOverriddenValue"
"","1643","GET /me returns same data as registration response","Regression Tests","Fri Mar 20 04:10:02 UTC 2026","passed","Fri Mar 20 04:10:03 UTC 2026","ua.kpi.sc.test.api.tests.auth.AuthMeTest","Regression","ua.kpi.sc.test.api.tests.auth.AuthMeTest","meReturnsSameDataAsRegistration"
"","170","Delete flag generates audit entry in centralized audit","Regression Tests","Fri Mar 20 04:10:16 UTC 2026","passed","Fri Mar 20 04:10:16 UTC 2026","ua.kpi.sc.test.api.tests.featureflag.FeatureFlagAdminTest","Regression","ua.kpi.sc.test.api.tests.featureflag.FeatureFlagAdminTest","deleteFlagGeneratesAuditEntry"
"","224","Add user override returns 201","Regression Tests","Fri Mar 20 04:10:13 UTC 2026","passed","Fri Mar 20 04:10:13 UTC 2026","ua.kpi.sc.test.api.tests.featureflag.FeatureFlagAdminTest","Regression","ua.kpi.sc.test.api.tests.featureflag.FeatureFlagAdminTest","addUserOverrideReturns201"
"","1422","PATCH /users/{id}/tier with invalid tier returns 400","Regression Tests","Fri Mar 20 04:10:08 UTC 2026","passed","Fri Mar 20 04:10:10 UTC 2026","ua.kpi.sc.test.api.tests.user.UserUpdateTierTest","Regression","ua.kpi.sc.test.api.tests.user.UserUpdateTierTest","updateTierWithInvalidValueReturns400"
"","1498","List users pagination works","Regression Tests","Fri Mar 20 04:10:08 UTC 2026","passed","Fri Mar 20 04:10:09 UTC 2026","ua.kpi.sc.test.api.tests.user.UserTest","Regression","ua.kpi.sc.test.api.tests.user.UserTest","listUsersPaginationWorks"
"","6900","Reset then forgot-password again (second cycle works)","Regression Tests","Fri Mar 20 04:09:53 UTC 2026","passed","Fri Mar 20 04:10:00 UTC 2026","ua.kpi.sc.test.api.tests.auth.AuthPasswordResetFlowTest","Regression","ua.kpi.sc.test.api.tests.auth.AuthPasswordResetFlowTest","resetThenForgotPasswordSecondCycleWorks"
"","1539","PUT /users/{id}/tier returns 405 Method Not Allowed","Regression Tests","Fri Mar 20 04:10:05 UTC 2026","passed","Fri Mar 20 04:10:07 UTC 2026","ua.kpi.sc.test.api.tests.user.UserUpdateTierTest","Regression","ua.kpi.sc.test.api.tests.user.UserUpdateTierTest","putTierReturns405"
"","24","Create user with blank names returns 400","Regression Tests","Fri Mar 20 04:09:55 UTC 2026","passed","Fri Mar 20 04:09:55 UTC 2026","ua.kpi.sc.test.api.tests.user.UserCreateTest","Regression","ua.kpi.sc.test.api.tests.user.UserCreateTest","createUserBlankNamesReturns400"
"","709","Register with dotted name succeeds","Regression Tests","Fri Mar 20 04:10:11 UTC 2026","passed","Fri Mar 20 04:10:11 UTC 2026","ua.kpi.sc.test.api.tests.auth.AuthRegisterTest","Regression","ua.kpi.sc.test.api.tests.auth.AuthRegisterTest","registerWithDottedNameSucceeds"
"","917","Multiple forgot-password requests — all return 204","Regression Tests","Fri Mar 20 04:09:42 UTC 2026","passed","Fri Mar 20 04:09:43 UTC 2026","ua.kpi.sc.test.api.tests.auth.AuthPasswordResetFlowTest","Regression","ua.kpi.sc.test.api.tests.auth.AuthPasswordResetFlowTest","multipleForgotPasswordRequestsAllReturn204"
"","1204","Verify setup with empty code returns 400","Regression Tests","Fri Mar 20 04:09:45 UTC 2026","passed","Fri Mar 20 04:09:47 UTC 2026","ua.kpi.sc.test.api.tests.auth.mfa.TotpSetupTest","Regression","ua.kpi.sc.test.api.tests.auth.mfa.TotpSetupTest","verifySetupWithEmptyCodeReturns400"
"","40","302 response has no JSON body","Regression Tests","Fri Mar 20 04:09:46 UTC 2026","passed","Fri Mar 20 04:09:46 UTC 2026","ua.kpi.sc.test.api.tests.auth.AuthGoogleOAuthTest","Regression","ua.kpi.sc.test.api.tests.auth.AuthGoogleOAuthTest","googleOAuth302HasNoJsonBody"
"","687","Empty body returns 400","Regression Tests","Fri Mar 20 04:10:18 UTC 2026","passed","Fri Mar 20 04:10:19 UTC 2026","ua.kpi.sc.test.api.tests.user.UserChangePasswordTest","Regression","ua.kpi.sc.test.api.tests.user.UserChangePasswordTest","emptyBodyReturns400"
"","1695","Deleted user is deactivated","Regression Tests","Fri Mar 20 04:10:13 UTC 2026","passed","Fri Mar 20 04:10:15 UTC 2026","ua.kpi.sc.test.api.tests.user.UserDeleteTest","Regression","ua.kpi.sc.test.api.tests.user.UserDeleteTest","deletedUserIsDeactivated"
"","211","Get unread count returns 200 with count field","Regression Tests","Fri Mar 20 04:10:12 UTC 2026","passed","Fri Mar 20 04:10:12 UTC 2026","ua.kpi.sc.test.api.tests.notification.NotificationListTest","Regression","ua.kpi.sc.test.api.tests.notification.NotificationListTest","shouldGetUnreadCount"
"","56","Reset password with malformed JSON returns 400","Regression Tests","Fri Mar 20 04:10:09 UTC 2026","passed","Fri Mar 20 04:10:09 UTC 2026","ua.kpi.sc.test.api.tests.auth.AuthResetPasswordTest","Regression","ua.kpi.sc.test.api.tests.auth.AuthResetPasswordTest","resetPasswordWithMalformedJsonReturns400"
"","990","Register with duplicate email returns 409","Regression Tests","Fri Mar 20 04:09:50 UTC 2026","passed","Fri Mar 20 04:09:51 UTC 2026","ua.kpi.sc.test.api.tests.auth.AuthRegisterTest","Regression","ua.kpi.sc.test.api.tests.auth.AuthRegisterTest","registerDuplicateEmailReturns409"
"","1185","PUT /me returns 405","Regression Tests","Fri Mar 20 04:09:50 UTC 2026","passed","Fri Mar 20 04:09:51 UTC 2026","ua.kpi.sc.test.api.tests.auth.AuthMeTest","Regression","ua.kpi.sc.test.api.tests.auth.AuthMeTest","meMethodNotAllowedPut"
"","1403","Assigned partner appears in user response","Regression Tests","Fri Mar 20 04:10:09 UTC 2026","passed","Fri Mar 20 04:10:11 UTC 2026","ua.kpi.sc.test.api.tests.user.UserAssignPartnerTest","Regression","ua.kpi.sc.test.api.tests.user.UserAssignPartnerTest","assignedPartnerAppearsInUserResponse"
"","63","Login 400 matches ProblemDetail schema","Regression Tests","Fri Mar 20 04:09:36 UTC 2026","passed","Fri Mar 20 04:09:36 UTC 2026","ua.kpi.sc.test.api.tests.auth.AuthLoginTest","Regression","ua.kpi.sc.test.api.tests.auth.AuthLoginTest","loginProblemDetailSchemaOn400"
"","25","Create user with invalid email returns 400","Regression Tests","Fri Mar 20 04:09:57 UTC 2026","passed","Fri Mar 20 04:09:57 UTC 2026","ua.kpi.sc.test.api.tests.user.UserCreateTest","Regression","ua.kpi.sc.test.api.tests.user.UserCreateTest","createUserInvalidEmailReturns400"
"","75","List rules respects page size","Regression Tests","Fri Mar 20 04:09:55 UTC 2026","passed","Fri Mar 20 04:09:55 UTC 2026","ua.kpi.sc.test.api.tests.ratelimit.RateLimitAdminTest","Regression","ua.kpi.sc.test.api.tests.ratelimit.RateLimitAdminTest","listRules_pagination_respectsPageSize"
"","2294","Login response matches auth-user-response schema","Regression Tests","Fri Mar 20 04:09:39 UTC 2026","passed","Fri Mar 20 04:09:41 UTC 2026","ua.kpi.sc.test.api.tests.auth.AuthLoginTest","Regression","ua.kpi.sc.test.api.tests.auth.AuthLoginTest","loginResponseMatchesSchema"
"","1034","Refresh preserves user id across rotations","Regression Tests","Fri Mar 20 04:09:49 UTC 2026","passed","Fri Mar 20 04:09:50 UTC 2026","ua.kpi.sc.test.api.tests.auth.AuthRefreshTest","Regression","ua.kpi.sc.test.api.tests.auth.AuthRefreshTest","refreshPreservesUserIdAcrossRotations"
"","1254","Setup TOTP when already enabled returns 409 or 400","Regression Tests","Fri Mar 20 04:09:43 UTC 2026","passed","Fri Mar 20 04:09:44 UTC 2026","ua.kpi.sc.test.api.tests.auth.mfa.TotpSetupTest","Regression","ua.kpi.sc.test.api.tests.auth.mfa.TotpSetupTest","setupTotpWhenAlreadyEnabledReturnsConflict"
"","39","Disable TOTP without auth returns 401","Regression Tests","Fri Mar 20 04:09:46 UTC 2026","passed","Fri Mar 20 04:09:46 UTC 2026","ua.kpi.sc.test.api.tests.auth.mfa.TotpDisableTest","Regression","ua.kpi.sc.test.api.tests.auth.mfa.TotpDisableTest","disableTotpWithoutAuthReturns401"
"","2225","Login returns a valid UUID as id","Regression Tests","Fri Mar 20 04:09:52 UTC 2026","passed","Fri Mar 20 04:09:54 UTC 2026","ua.kpi.sc.test.api.tests.auth.AuthLoginTest","Regression","ua.kpi.sc.test.api.tests.auth.AuthLoginTest","loginReturnsValidUuid"
"","294","Add user override appears in flag detail","Regression Tests","Fri Mar 20 04:10:12 UTC 2026","passed","Fri Mar 20 04:10:13 UTC 2026","ua.kpi.sc.test.api.tests.featureflag.FeatureFlagAdminTest","Regression","ua.kpi.sc.test.api.tests.featureflag.FeatureFlagAdminTest","addUserOverrideAppearsInFlagDetail"
"","83","Register with empty lastName returns 400","Regression Tests","Fri Mar 20 04:10:12 UTC 2026","passed","Fri Mar 20 04:10:12 UTC 2026","ua.kpi.sc.test.api.tests.auth.AuthRegisterTest","Regression","ua.kpi.sc.test.api.tests.auth.AuthRegisterTest","registerWithEmptyLastNameReturns400"
"","1530","Assign partner level upserts existing","Regression Tests","Fri Mar 20 04:10:08 UTC 2026","passed","Fri Mar 20 04:10:09 UTC 2026","ua.kpi.sc.test.api.tests.user.UserAssignPartnerTest","Regression","ua.kpi.sc.test.api.tests.user.UserAssignPartnerTest","assignPartnerUpserts"
"","57","Register with empty email returns 400","Regression Tests","Fri Mar 20 04:10:11 UTC 2026","passed","Fri Mar 20 04:10:11 UTC 2026","ua.kpi.sc.test.api.tests.auth.AuthRegisterTest","Regression","ua.kpi.sc.test.api.tests.auth.AuthRegisterTest","registerWithEmptyEmailReturns400"
"","34","Non-existent rule returns 404","Regression Tests","Fri Mar 20 04:09:54 UTC 2026","passed","Fri Mar 20 04:09:54 UTC 2026","ua.kpi.sc.test.api.tests.ratelimit.RateLimitAdminTest","Regression","ua.kpi.sc.test.api.tests.ratelimit.RateLimitAdminTest","getRule_nonExistent_returns404"
"","8149","Recovery codes remaining decreases after using a recovery code","Regression Tests","Fri Mar 20 04:09:24 UTC 2026","passed","Fri Mar 20 04:09:32 UTC 2026","ua.kpi.sc.test.api.tests.auth.mfa.TotpStatusTest","Regression","ua.kpi.sc.test.api.tests.auth.mfa.TotpStatusTest","recoveryCodesRemainingDecreasesAfterUse"
"","1117","DELETE /me returns 405","Regression Tests","Fri Mar 20 04:09:47 UTC 2026","passed","Fri Mar 20 04:09:48 UTC 2026","ua.kpi.sc.test.api.tests.auth.AuthMeTest","Regression","ua.kpi.sc.test.api.tests.auth.AuthMeTest","meMethodNotAllowedDelete"
"","1476","List users contains registered user","Regression Tests","Fri Mar 20 04:10:07 UTC 2026","passed","Fri Mar 20 04:10:08 UTC 2026","ua.kpi.sc.test.api.tests.user.UserTest","Regression","ua.kpi.sc.test.api.tests.user.UserTest","listUsersContainsRegisteredUser"
"","104","PUT /reset-password returns 405","Regression Tests","Fri Mar 20 04:09:59 UTC 2026","passed","Fri Mar 20 04:09:59 UTC 2026","ua.kpi.sc.test.api.tests.auth.AuthResetPasswordTest","Regression","ua.kpi.sc.test.api.tests.auth.AuthResetPasswordTest","resetPasswordMethodNotAllowedPut"
"","1404","PATCH /logout returns 405","Regression Tests","Fri Mar 20 04:10:00 UTC 2026","passed","Fri Mar 20 04:10:02 UTC 2026","ua.kpi.sc.test.api.tests.auth.AuthLogoutTest","Regression","ua.kpi.sc.test.api.tests.auth.AuthLogoutTest","logoutMethodNotAllowedPatch"
"","235","Create flag generates audit entry in centralized audit","Regression Tests","Fri Mar 20 04:10:15 UTC 2026","passed","Fri Mar 20 04:10:15 UTC 2026","ua.kpi.sc.test.api.tests.featureflag.FeatureFlagAdminTest","Regression","ua.kpi.sc.test.api.tests.featureflag.FeatureFlagAdminTest","createFlagGeneratesAuditEntry"
"","364","Delete flag and verify gone from evaluation","Regression Tests","Fri Mar 20 04:10:13 UTC 2026","passed","Fri Mar 20 04:10:13 UTC 2026","ua.kpi.sc.test.api.tests.featureflag.FeatureFlagLifecycleTest","Regression","ua.kpi.sc.test.api.tests.featureflag.FeatureFlagLifecycleTest","deleteFlagAndVerifyGoneFromEvaluation"
"","28","Admin endpoints without auth return 401","Regression Tests","Fri Mar 20 04:10:13 UTC 2026","passed","Fri Mar 20 04:10:13 UTC 2026","ua.kpi.sc.test.api.tests.featureflag.FeatureFlagAdminTest","Regression","ua.kpi.sc.test.api.tests.featureflag.FeatureFlagAdminTest","adminEndpointsWithoutAuthReturn401"
"","1253","Access token may still be valid for /me after logout (stateless JWT)","Regression Tests","Fri Mar 20 04:09:49 UTC 2026","passed","Fri Mar 20 04:09:51 UTC 2026","ua.kpi.sc.test.api.tests.auth.AuthLogoutTest","Regression","ua.kpi.sc.test.api.tests.auth.AuthLogoutTest","logoutAccessTokenStillValidForMe"
"","1299","Refresh token rotates tokens and returns user data","Regression Tests","Fri Mar 20 04:10:02 UTC 2026","passed","Fri Mar 20 04:10:04 UTC 2026","ua.kpi.sc.test.api.tests.auth.AuthRefreshTest","Regression","ua.kpi.sc.test.api.tests.auth.AuthRefreshTest","refreshTokenReturnsNewToken"
"","15","PATCH /refresh returns 405","Regression Tests","Fri Mar 20 04:09:49 UTC 2026","passed","Fri Mar 20 04:09:49 UTC 2026","ua.kpi.sc.test.api.tests.auth.AuthRefreshTest","Regression","ua.kpi.sc.test.api.tests.auth.AuthRefreshTest","refreshMethodNotAllowedPatch"
"","1006","Register -> getMe: user data matches registration request","Regression Tests","Fri Mar 20 04:09:37 UTC 2026","passed","Fri Mar 20 04:09:38 UTC 2026","ua.kpi.sc.test.api.tests.auth.AuthFlowTest","Regression","ua.kpi.sc.test.api.tests.auth.AuthFlowTest","fullRegistrationToMeFlow"
"","403","Toggle flag and verify evaluation changes","Regression Tests","Fri Mar 20 04:10:14 UTC 2026","passed","Fri Mar 20 04:10:14 UTC 2026","ua.kpi.sc.test.api.tests.featureflag.FeatureFlagLifecycleTest","Regression","ua.kpi.sc.test.api.tests.featureflag.FeatureFlagLifecycleTest","toggleFlagAndVerifyEvaluationChanges"
"","1115","Verify setup with invalid code returns 400","Regression Tests","Fri Mar 20 04:09:47 UTC 2026","passed","Fri Mar 20 04:09:48 UTC 2026","ua.kpi.sc.test.api.tests.auth.mfa.TotpSetupTest","Regression","ua.kpi.sc.test.api.tests.auth.mfa.TotpSetupTest","verifySetupWithInvalidCodeReturns400"
"","13","Google OAuth redirect Location contains openid scope","Regression Tests","Fri Mar 20 04:09:48 UTC 2026","passed","Fri Mar 20 04:09:48 UTC 2026","ua.kpi.sc.test.api.tests.auth.AuthGoogleOAuthTest","Regression","ua.kpi.sc.test.api.tests.auth.AuthGoogleOAuthTest","googleOAuthRedirectLocationContainsOpenidScope"
"","2716","Login response Content-Type is application/json","Regression Tests","Fri Mar 20 04:09:36 UTC 2026","passed","Fri Mar 20 04:09:39 UTC 2026","ua.kpi.sc.test.api.tests.auth.AuthLoginTest","Regression","ua.kpi.sc.test.api.tests.auth.AuthLoginTest","loginResponseContentTypeIsJson"
"","222","Filter audit logs by source module returns filtered results","Regression Tests","Fri Mar 20 04:09:32 UTC 2026","passed","Fri Mar 20 04:09:32 UTC 2026","ua.kpi.sc.test.api.tests.audit.AuditTest","Regression","ua.kpi.sc.test.api.tests.audit.AuditTest","filterBySourceModule_returnsFilteredResults"
"","46","Forgot password with malformed JSON returns 400","Regression Tests","Fri Mar 20 04:09:39 UTC 2026","passed","Fri Mar 20 04:09:39 UTC 2026","ua.kpi.sc.test.api.tests.auth.AuthForgotPasswordTest","Regression","ua.kpi.sc.test.api.tests.auth.AuthForgotPasswordTest","forgotPasswordWithMalformedJsonReturns400"
"","90","Basic user cannot add override — returns 403","Regression Tests","Fri Mar 20 04:10:14 UTC 2026","passed","Fri Mar 20 04:10:14 UTC 2026","ua.kpi.sc.test.api.tests.featureflag.FeatureFlagAdminTest","Regression","ua.kpi.sc.test.api.tests.featureflag.FeatureFlagAdminTest","basicUserCannotAddOverride_returns403"
"","50","Reset password with null new password returns 400","Regression Tests","Fri Mar 20 04:10:09 UTC 2026","passed","Fri Mar 20 04:10:09 UTC 2026","ua.kpi.sc.test.api.tests.auth.AuthResetPasswordTest","Regression","ua.kpi.sc.test.api.tests.auth.AuthResetPasswordTest","resetPasswordWithNullPasswordReturns400"
"","2722","Login with wrong password returns 401","Regression Tests","Fri Mar 20 04:09:56 UTC 2026","passed","Fri Mar 20 04:09:59 UTC 2026","ua.kpi.sc.test.api.tests.auth.AuthLoginTest","Regression","ua.kpi.sc.test.api.tests.auth.AuthLoginTest","loginWithInvalidCredentialsReturns401"
"","53","Google OAuth callback with empty state returns error","Regression Tests","Fri Mar 20 04:09:47 UTC 2026","passed","Fri Mar 20 04:09:47 UTC 2026","ua.kpi.sc.test.api.tests.auth.AuthGoogleOAuthTest","Regression","ua.kpi.sc.test.api.tests.auth.AuthGoogleOAuthTest","googleOAuthCallbackWithEmptyStateReturnsError"
"","1848","Forgot password 204 response has empty body (no JSON)","Regression Tests","Fri Mar 20 04:09:33 UTC 2026","passed","Fri Mar 20 04:09:34 UTC 2026","ua.kpi.sc.test.api.tests.auth.AuthForgotPasswordTest","Regression","ua.kpi.sc.test.api.tests.auth.AuthForgotPasswordTest","forgotPasswordResponseHasEmptyBody"
"","2069","Get user by ID returns partner roles array","Regression Tests","Fri Mar 20 04:10:11 UTC 2026","passed","Fri Mar 20 04:10:13 UTC 2026","ua.kpi.sc.test.api.tests.user.UserGetByIdTest","Regression","ua.kpi.sc.test.api.tests.user.UserGetByIdTest","getUserByIdReturnsPartnerRoles"
"","333","Update flag preserves unchanged fields","Regression Tests","Fri Mar 20 04:10:14 UTC 2026","passed","Fri Mar 20 04:10:15 UTC 2026","ua.kpi.sc.test.api.tests.featureflag.FeatureFlagLifecycleTest","Regression","ua.kpi.sc.test.api.tests.featureflag.FeatureFlagLifecycleTest","updateFlagPreservesUnchangedFields"
"","119","Get flag response contains overrides array","Regression Tests","Fri Mar 20 04:10:16 UTC 2026","passed","Fri Mar 20 04:10:16 UTC 2026","ua.kpi.sc.test.api.tests.featureflag.FeatureFlagAdminTest","Regression","ua.kpi.sc.test.api.tests.featureflag.FeatureFlagAdminTest","getFlagResponseContainsOverridesArray"
"","1878","Login with 2FA returns twoFactorRequired=true in response body","Regression Tests","Fri Mar 20 04:09:42 UTC 2026","passed","Fri Mar 20 04:09:44 UTC 2026","ua.kpi.sc.test.api.tests.auth.mfa.TotpLoginVerifyTest","Regression","ua.kpi.sc.test.api.tests.auth.mfa.TotpLoginVerifyTest","loginWith2faReturnsTwoFactorRequired"
"","103","Admin can create a tier scope rule with target","Regression Tests","Fri Mar 20 04:09:54 UTC 2026","passed","Fri Mar 20 04:09:54 UTC 2026","ua.kpi.sc.test.api.tests.ratelimit.RateLimitAdminTest","Regression","ua.kpi.sc.test.api.tests.ratelimit.RateLimitAdminTest","createRule_tierScope_returns201"
"","74","Verify-login with expired/invalid mfa_token returns 401","Regression Tests","Fri Mar 20 04:09:58 UTC 2026","passed","Fri Mar 20 04:09:58 UTC 2026","ua.kpi.sc.test.api.tests.auth.mfa.TotpLoginVerifyTest","Regression","ua.kpi.sc.test.api.tests.auth.mfa.TotpLoginVerifyTest","verifyLoginWithInvalidMfaTokenReturns401"
"","1566","User management endpoints return 403 without 2FA enabled","Regression Tests","Fri Mar 20 04:09:49 UTC 2026","passed","Fri Mar 20 04:09:51 UTC 2026","ua.kpi.sc.test.api.tests.auth.mfa.TotpEnforcementTest","Regression","ua.kpi.sc.test.api.tests.auth.mfa.TotpEnforcementTest","userManagementEndpointsBlockedWithout2fa"
"","32","Login with XSS in email returns 400","Regression Tests","Fri Mar 20 04:10:04 UTC 2026","passed","Fri Mar 20 04:10:04 UTC 2026","ua.kpi.sc.test.api.tests.auth.AuthLoginTest","Regression","ua.kpi.sc.test.api.tests.auth.AuthLoginTest","loginWithXssInEmailReturns400"
"","820","GET /me returns correct data matching registration request","Regression Tests","Fri Mar 20 04:09:56 UTC 2026","passed","Fri Mar 20 04:09:57 UTC 2026","ua.kpi.sc.test.api.tests.auth.AuthMeTest","Regression","ua.kpi.sc.test.api.tests.auth.AuthMeTest","meReturnsCorrectRegisteredData"
"","56","Reset password with empty JSON object returns 400","Regression Tests","Fri Mar 20 04:10:09 UTC 2026","passed","Fri Mar 20 04:10:09 UTC 2026","ua.kpi.sc.test.api.tests.auth.AuthResetPasswordTest","Regression","ua.kpi.sc.test.api.tests.auth.AuthResetPasswordTest","resetPasswordWithEmptyJsonObjectReturns400"
"","32","Register with digits in name returns 400","Regression Tests","Fri Mar 20 04:10:15 UTC 2026","passed","Fri Mar 20 04:10:15 UTC 2026","ua.kpi.sc.test.api.tests.auth.AuthRegisterTest","Regression","ua.kpi.sc.test.api.tests.auth.AuthRegisterTest","registerWithNameContainingDigitsReturns400"
"","1539","Setup TOTP returns qrCodeDataUri starting with data:image/png","Regression Tests","Fri Mar 20 04:09:38 UTC 2026","passed","Fri Mar 20 04:09:40 UTC 2026","ua.kpi.sc.test.api.tests.auth.mfa.TotpSetupTest","Regression","ua.kpi.sc.test.api.tests.auth.mfa.TotpSetupTest","setupTotpQrCodeIsDataUri"
"","148","Remove tier override disappears from flag detail","Regression Tests","Fri Mar 20 04:10:17 UTC 2026","passed","Fri Mar 20 04:10:17 UTC 2026","ua.kpi.sc.test.api.tests.featureflag.FeatureFlagAdminTest","Regression","ua.kpi.sc.test.api.tests.featureflag.FeatureFlagAdminTest","removeTierOverrideDisappearsFromFlagDetail"
"","4951","Login multiple times with same credentials succeeds","Regression Tests","Fri Mar 20 04:09:31 UTC 2026","passed","Fri Mar 20 04:09:36 UTC 2026","ua.kpi.sc.test.api.tests.auth.AuthLoginTest","Regression","ua.kpi.sc.test.api.tests.auth.AuthLoginTest","loginMultipleTimesSucceeds"
"","109","Admin can toggle a rule","Regression Tests","Fri Mar 20 04:09:55 UTC 2026","passed","Fri Mar 20 04:09:55 UTC 2026","ua.kpi.sc.test.api.tests.ratelimit.RateLimitAdminTest","Regression","ua.kpi.sc.test.api.tests.ratelimit.RateLimitAdminTest","toggleRule_changesEnabledState"
"","100","Admin can list rate limit rules","Regression Tests","Fri Mar 20 04:09:55 UTC 2026","passed","Fri Mar 20 04:09:55 UTC 2026","ua.kpi.sc.test.api.tests.ratelimit.RateLimitAdminTest","Regression","ua.kpi.sc.test.api.tests.ratelimit.RateLimitAdminTest","listRules_returns200"
"","25","Register with special chars in name returns 400","Regression Tests","Fri Mar 20 04:10:15 UTC 2026","passed","Fri Mar 20 04:10:15 UTC 2026","ua.kpi.sc.test.api.tests.auth.AuthRegisterTest","Regression","ua.kpi.sc.test.api.tests.auth.AuthRegisterTest","registerWithNameContainingSpecialCharsReturns400"
"","194","Filter notifications by read status returns 200","Regression Tests","Fri Mar 20 04:10:11 UTC 2026","passed","Fri Mar 20 04:10:12 UTC 2026","ua.kpi.sc.test.api.tests.notification.NotificationListTest","Regression","ua.kpi.sc.test.api.tests.notification.NotificationListTest","shouldFilterByReadStatus"
"","1916","Status returns enabledAt timestamp after enabling TOTP","Regression Tests","Fri Mar 20 04:09:34 UTC 2026","passed","Fri Mar 20 04:09:36 UTC 2026","ua.kpi.sc.test.api.tests.auth.mfa.TotpStatusTest","Regression","ua.kpi.sc.test.api.tests.auth.mfa.TotpStatusTest","statusReturnsEnabledAtTimestamp"
"","138","Evaluate single enabled flag returns true","Regression Tests","Fri Mar 20 04:10:14 UTC 2026","passed","Fri Mar 20 04:10:14 UTC 2026","ua.kpi.sc.test.api.tests.featureflag.FeatureFlagEvaluationTest","Regression","ua.kpi.sc.test.api.tests.featureflag.FeatureFlagEvaluationTest","evaluateSingleEnabledFlagReturnsTrue"
"","108","DELETE /forgot-password returns 405","Regression Tests","Fri Mar 20 04:09:32 UTC 2026","passed","Fri Mar 20 04:09:32 UTC 2026","ua.kpi.sc.test.api.tests.auth.AuthForgotPasswordTest","Regression","ua.kpi.sc.test.api.tests.auth.AuthForgotPasswordTest","forgotPasswordMethodNotAllowedDelete"
"","20","PUT /refresh returns 405","Regression Tests","Fri Mar 20 04:09:49 UTC 2026","passed","Fri Mar 20 04:09:49 UTC 2026","ua.kpi.sc.test.api.tests.auth.AuthRefreshTest","Regression","ua.kpi.sc.test.api.tests.auth.AuthRefreshTest","refreshMethodNotAllowedPut"
"","9891","Login with new password works after reset","Regression Tests","Fri Mar 20 04:09:24 UTC 2026","passed","Fri Mar 20 04:09:34 UTC 2026","ua.kpi.sc.test.api.tests.auth.AuthResetPasswordTest","Regression","ua.kpi.sc.test.api.tests.auth.AuthResetPasswordTest","loginWithNewPasswordWorksAfterReset"
"","1223","Create user with duplicate email returns 409","Regression Tests","Fri Mar 20 04:09:55 UTC 2026","passed","Fri Mar 20 04:09:57 UTC 2026","ua.kpi.sc.test.api.tests.user.UserCreateTest","Regression","ua.kpi.sc.test.api.tests.user.UserCreateTest","createUserDuplicateEmailReturns409"
"","32","Refresh with no cookie returns 401","Regression Tests","Fri Mar 20 04:10:06 UTC 2026","passed","Fri Mar 20 04:10:06 UTC 2026","ua.kpi.sc.test.api.tests.auth.AuthRefreshTest","Regression","ua.kpi.sc.test.api.tests.auth.AuthRefreshTest","refreshWithNoCookieReturns401"
"","1707","Logout cookies have Secure flag matching transport protocol","Regression Tests","Fri Mar 20 04:09:33 UTC 2026","passed","Fri Mar 20 04:09:35 UTC 2026","ua.kpi.sc.test.api.tests.auth.AuthCookieContractTest","Regression","ua.kpi.sc.test.api.tests.auth.AuthCookieContractTest","logoutCookiesHaveSecureFlag"
"","56","Register with form-encoded content type returns 415","Regression Tests","Fri Mar 20 04:10:14 UTC 2026","passed","Fri Mar 20 04:10:14 UTC 2026","ua.kpi.sc.test.api.tests.auth.AuthRegisterTest","Regression","ua.kpi.sc.test.api.tests.auth.AuthRegisterTest","registerWithFormEncodedReturns415"
"","117","Non-admin access to audit logs returns 403","Regression Tests","Fri Mar 20 04:09:33 UTC 2026","passed","Fri Mar 20 04:09:33 UTC 2026","ua.kpi.sc.test.api.tests.audit.AuditTest","Regression","ua.kpi.sc.test.api.tests.audit.AuditTest","nonAdminAccess_returns403"
"","3159","After disabling TOTP, status shows enabled=false","Regression Tests","Fri Mar 20 04:09:33 UTC 2026","passed","Fri Mar 20 04:09:37 UTC 2026","ua.kpi.sc.test.api.tests.auth.mfa.TotpDisableTest","Regression","ua.kpi.sc.test.api.tests.auth.mfa.TotpDisableTest","afterDisableTotpStatusShowsDisabled"
"","1091","GET /me response Content-Type is application/json","Regression Tests","Fri Mar 20 04:09:51 UTC 2026","passed","Fri Mar 20 04:09:52 UTC 2026","ua.kpi.sc.test.api.tests.auth.AuthMeTest","Regression","ua.kpi.sc.test.api.tests.auth.AuthMeTest","meResponseContentTypeIsJson"
"","96","Search with no match returns empty content","Regression Tests","Fri Mar 20 04:10:10 UTC 2026","passed","Fri Mar 20 04:10:11 UTC 2026","ua.kpi.sc.test.api.tests.user.UserSearchFilterTest","Regression","ua.kpi.sc.test.api.tests.user.UserSearchFilterTest","searchNoMatchReturnsEmpty"
"","81","Refresh with malformed JWT token returns 401","Regression Tests","Fri Mar 20 04:10:06 UTC 2026","passed","Fri Mar 20 04:10:06 UTC 2026","ua.kpi.sc.test.api.tests.auth.AuthRefreshTest","Regression","ua.kpi.sc.test.api.tests.auth.AuthRefreshTest","refreshWithMalformedTokenReturns401"
"","45","Create rule with zero limit returns 400","Regression Tests","Fri Mar 20 04:09:54 UTC 2026","passed","Fri Mar 20 04:09:54 UTC 2026","ua.kpi.sc.test.api.tests.ratelimit.RateLimitAdminTest","Regression","ua.kpi.sc.test.api.tests.ratelimit.RateLimitAdminTest","createRule_zeroLimit_returns400"
"","1182","Filter by active status returns matching","Regression Tests","Fri Mar 20 04:10:06 UTC 2026","passed","Fri Mar 20 04:10:07 UTC 2026","ua.kpi.sc.test.api.tests.user.UserSearchFilterTest","Regression","ua.kpi.sc.test.api.tests.user.UserSearchFilterTest","filterByActiveStatus"
"","25","Register with whitespace-only name returns 400","Regression Tests","Fri Mar 20 04:10:18 UTC 2026","passed","Fri Mar 20 04:10:18 UTC 2026","ua.kpi.sc.test.api.tests.auth.AuthRegisterTest","Regression","ua.kpi.sc.test.api.tests.auth.AuthRegisterTest","registerWithWhitespaceOnlyNameReturns400"
"","4013","Login cookies have Path=/","Regression Tests","Fri Mar 20 04:09:24 UTC 2026","passed","Fri Mar 20 04:09:28 UTC 2026","ua.kpi.sc.test.api.tests.auth.AuthCookieContractTest","Regression","ua.kpi.sc.test.api.tests.auth.AuthCookieContractTest","loginCookiesHavePathSlash"
"","36","Google OAuth redirect Location contains response_type=code","Regression Tests","Fri Mar 20 04:09:48 UTC 2026","passed","Fri Mar 20 04:09:48 UTC 2026","ua.kpi.sc.test.api.tests.auth.AuthGoogleOAuthTest","Regression","ua.kpi.sc.test.api.tests.auth.AuthGoogleOAuthTest","googleOAuthRedirectLocationContainsResponseTypeCode"
"","2771","Forgot password 400 matches ProblemDetail schema","Regression Tests","Fri Mar 20 04:09:27 UTC 2026","passed","Fri Mar 20 04:09:30 UTC 2026","ua.kpi.sc.test.api.tests.auth.AuthForgotPasswordTest","Regression","ua.kpi.sc.test.api.tests.auth.AuthForgotPasswordTest","forgotPassword400MatchesProblemDetailSchema"
"","5694","Login 401 does not reveal whether user exists","Regression Tests","Fri Mar 20 04:09:24 UTC 2026","passed","Fri Mar 20 04:09:30 UTC 2026","ua.kpi.sc.test.api.tests.auth.AuthLoginTest","Regression","ua.kpi.sc.test.api.tests.auth.AuthLoginTest","login401DoesNotRevealUserExistence"
"","1032","Audit export returns 403 without 2FA enabled","Regression Tests","Fri Mar 20 04:09:43 UTC 2026","passed","Fri Mar 20 04:09:44 UTC 2026","ua.kpi.sc.test.api.tests.auth.mfa.TotpEnforcementTest","Regression","ua.kpi.sc.test.api.tests.auth.mfa.TotpEnforcementTest","auditExportBlockedWithout2fa"
"","436","Bulk toggle disables multiple flags","Regression Tests","Fri Mar 20 04:10:14 UTC 2026","passed","Fri Mar 20 04:10:14 UTC 2026","ua.kpi.sc.test.api.tests.featureflag.FeatureFlagAdminTest","Regression","ua.kpi.sc.test.api.tests.featureflag.FeatureFlagAdminTest","bulkToggleDisablesMultipleFlags"
"","1191","GET /me returns capabilityTier 1 for newly registered user","Regression Tests","Fri Mar 20 04:09:55 UTC 2026","passed","Fri Mar 20 04:09:56 UTC 2026","ua.kpi.sc.test.api.tests.auth.AuthMeTest","Regression","ua.kpi.sc.test.api.tests.auth.AuthMeTest","meReturnsCapabilityTier1ForNewUser"
"","71","Login with whitespace-only email returns 400","Regression Tests","Fri Mar 20 04:10:02 UTC 2026","passed","Fri Mar 20 04:10:02 UTC 2026","ua.kpi.sc.test.api.tests.auth.AuthLoginTest","Regression","ua.kpi.sc.test.api.tests.auth.AuthLoginTest","loginWithWhitespaceEmailReturns400"
"","1609","Login with XML Content-Type returns 415","Regression Tests","Fri Mar 20 04:10:02 UTC 2026","passed","Fri Mar 20 04:10:04 UTC 2026","ua.kpi.sc.test.api.tests.auth.AuthLoginTest","Regression","ua.kpi.sc.test.api.tests.auth.AuthLoginTest","loginWithXmlContentTypeReturns415"
"","12","Register with SQL injection in email is rejected","Regression Tests","Fri Mar 20 04:10:17 UTC 2026","passed","Fri Mar 20 04:10:17 UTC 2026","ua.kpi.sc.test.api.tests.auth.AuthRegisterTest","Regression","ua.kpi.sc.test.api.tests.auth.AuthRegisterTest","registerWithSqlInjectionInEmail"
"","2765","Reset password with 72-char password succeeds","Regression Tests","Fri Mar 20 04:10:02 UTC 2026","passed","Fri Mar 20 04:10:05 UTC 2026","ua.kpi.sc.test.api.tests.auth.AuthResetPasswordTest","Regression","ua.kpi.sc.test.api.tests.auth.AuthResetPasswordTest","resetPasswordWith72CharPasswordSucceeds"
"","14","Register with null lastName returns 400","Regression Tests","Fri Mar 20 04:10:15 UTC 2026","passed","Fri Mar 20 04:10:15 UTC 2026","ua.kpi.sc.test.api.tests.auth.AuthRegisterTest","Regression","ua.kpi.sc.test.api.tests.auth.AuthRegisterTest","registerWithNullLastNameReturns400"
"","3658","Reset password with 8-char password succeeds","Regression Tests","Fri Mar 20 04:10:05 UTC 2026","passed","Fri Mar 20 04:10:09 UTC 2026","ua.kpi.sc.test.api.tests.auth.AuthResetPasswordTest","Regression","ua.kpi.sc.test.api.tests.auth.AuthResetPasswordTest","resetPasswordWith8CharPasswordSucceeds"
"","1132","GET /logout 405 matches ProblemDetail schema","Regression Tests","Fri Mar 20 04:09:48 UTC 2026","passed","Fri Mar 20 04:09:49 UTC 2026","ua.kpi.sc.test.api.tests.auth.AuthLogoutTest","Regression","ua.kpi.sc.test.api.tests.auth.AuthLogoutTest","logout405MatchesProblemDetailSchema"
"","46","Forgot password with null email returns 400","Regression Tests","Fri Mar 20 04:09:39 UTC 2026","passed","Fri Mar 20 04:09:39 UTC 2026","ua.kpi.sc.test.api.tests.auth.AuthForgotPasswordTest","Regression","ua.kpi.sc.test.api.tests.auth.AuthForgotPasswordTest","forgotPasswordWithNullEmailReturns400"
"","1346","Filter by tier returns matching users","Regression Tests","Fri Mar 20 04:10:07 UTC 2026","passed","Fri Mar 20 04:10:09 UTC 2026","ua.kpi.sc.test.api.tests.user.UserSearchFilterTest","Regression","ua.kpi.sc.test.api.tests.user.UserSearchFilterTest","filterByTierReturnsMatching"
"","2629","Login with 2FA enabled returns mfa_token cookie, then verify-login succeeds","Regression Tests","Fri Mar 20 04:09:44 UTC 2026","passed","Fri Mar 20 04:09:47 UTC 2026","ua.kpi.sc.test.api.tests.auth.mfa.TotpLoginVerifyTest","Regression","ua.kpi.sc.test.api.tests.auth.mfa.TotpLoginVerifyTest","loginWith2faThenVerifyLogin"
"","104","Login with empty fields returns 400","Regression Tests","Fri Mar 20 04:09:30 UTC 2026","passed","Fri Mar 20 04:09:30 UTC 2026","ua.kpi.sc.test.api.tests.auth.AuthLoginTest","Regression","ua.kpi.sc.test.api.tests.auth.AuthLoginTest","loginEmptyFieldsReturns400"
"","62","Admin can get stats","Regression Tests","Fri Mar 20 04:09:54 UTC 2026","passed","Fri Mar 20 04:09:54 UTC 2026","ua.kpi.sc.test.api.tests.ratelimit.RateLimitAdminTest","Regression","ua.kpi.sc.test.api.tests.ratelimit.RateLimitAdminTest","getStats_returns200"
"","842","GET /me with refresh token instead of access token returns 401","Regression Tests","Fri Mar 20 04:10:07 UTC 2026","passed","Fri Mar 20 04:10:08 UTC 2026","ua.kpi.sc.test.api.tests.auth.AuthMeTest","Regression","ua.kpi.sc.test.api.tests.auth.AuthMeTest","meWithRefreshTokenReturns401"
